Features Descriptor: SHOT
Keypoints Extractor: iss

Keypoints Radius: 0.020000
Descriptor Radius: 0.020000
Inlier Threshold: 0.020000
Middle distance: 0.000023317947125

Scene input Cloud: 41637
Object input Cloud: 4321
Scene keypoints: 1059
Object keypoints: 84
Scene Features: 1059
Object Features: 84
Correspondences: 35
Filtered Correspondences: 10
Transform matrix:
 0.813974797725677  0.573791265487671 -0.090601406991482  0.204197764396667
-0.296099483966827  0.544010460376740  0.785097241401672  0.084180913865566
 0.499770075082779 -0.612222373485565  0.612710118293762  1.096140384674072
 0.000000000000000  0.000000000000000  0.000000000000000  1.000000000000000
----------------------------------------

Keypoints Radius: 0.020000000000000
Descriptor Radius: 0.020000000000000
Inlier Threshold: 0.040000000000000
Middle distance: 0.000023317947125

Scene input Cloud: 41637
Object input Cloud: 4321
Scene keypoints: 1059
Object keypoints: 84
Scene Features: 1059
Object Features: 84
Correspondences: 35
Filtered Correspondences: 11
Transform matrix:
 0.813974797725677  0.573791265487671 -0.090601406991482  0.204197764396667
-0.296099483966827  0.544010460376740  0.785097241401672  0.084180913865566
 0.499770075082779 -0.612222373485565  0.612710118293762  1.096140384674072
 0.000000000000000  0.000000000000000  0.000000000000000  1.000000000000000
----------------------------------------

Keypoints Radius: 0.020000000000000
Descriptor Radius: 0.020000000000000
Inlier Threshold: 0.060000000000000
Middle distance: 0.000023317947125

Scene input Cloud: 41637
Object input Cloud: 4321
Scene keypoints: 1059
Object keypoints: 84
Scene Features: 1059
Object Features: 84
Correspondences: 35
Filtered Correspondences: 12
Transform matrix:
 0.813974797725677  0.573791265487671 -0.090601406991482  0.204197764396667
-0.296099483966827  0.544010460376740  0.785097241401672  0.084180913865566
 0.499770075082779 -0.612222373485565  0.612710118293762  1.096140384674072
 0.000000000000000  0.000000000000000  0.000000000000000  1.000000000000000
----------------------------------------

Keypoints Radius: 0.020000000000000
Descriptor Radius: 0.020000000000000
Inlier Threshold: 0.080000000000000
Middle distance: 0.000392272835597

Scene input Cloud: 41637
Object input Cloud: 4321
Scene keypoints: 1059
Object keypoints: 84
Scene Features: 1059
Object Features: 84
Correspondences: 35
Filtered Correspondences: 12
Transform matrix:
 0.331966847181320  0.942061305046082  0.048150405287743  0.246292233467102
-0.770668387413025  0.241428643465042  0.589730799198151  0.108946293592453
 0.543937742710114 -0.232879087328911  0.806163191795349  1.109407067298889
 0.000000000000000  0.000000000000000  0.000000000000000  1.000000000000000
----------------------------------------

Keypoints Radius: 0.020000000000000
Descriptor Radius: 0.020000000000000
Inlier Threshold: 0.100000000000000
Middle distance: 0.000384189537726

Scene input Cloud: 41637
Object input Cloud: 4321
Scene keypoints: 1059
Object keypoints: 84
Scene Features: 1059
Object Features: 84
Correspondences: 35
Filtered Correspondences: 13
Transform matrix:
 0.871895909309387  0.481189519166946 -0.090852648019791  0.175457537174225
-0.370301187038422  0.769276440143585  0.520663797855377  0.145704954862595
 0.320428758859634 -0.420321762561798  0.848914027214050  1.108275413513184
 0.000000000000000  0.000000000000000  0.000000000000000  1.000000000000000
----------------------------------------

Keypoints Radius: 0.020000000000000
Descriptor Radius: 0.040000000000000
Inlier Threshold: 0.020000000000000
Middle distance: 0.000500844093040

Scene input Cloud: 41637
Object input Cloud: 4321
Scene keypoints: 1059
Object keypoints: 84
Scene Features: 1059
Object Features: 84
Correspondences: 38
Filtered Correspondences: 4
Transform matrix:
-0.662131428718567 -0.737608432769775 -0.132347211241722 -0.255351245403290
-0.748676896095276  0.658795773983002  0.073966085910797  0.015799723565578
 0.032631777226925  0.148060575127602 -0.988439798355103  1.186886668205261
 0.000000000000000  0.000000000000000  0.000000000000000  1.000000000000000
----------------------------------------

Keypoints Radius: 0.020000000000000
Descriptor Radius: 0.040000000000000
Inlier Threshold: 0.040000000000000
Middle distance: 0.000399743643356

Scene input Cloud: 41637
Object input Cloud: 4321
Scene keypoints: 1059
Object keypoints: 84
Scene Features: 1059
Object Features: 84
Correspondences: 38
Filtered Correspondences: 6
Transform matrix:
-0.635125875473022 -0.451026290655136 -0.627048969268799 -0.247366204857826
-0.768811821937561  0.290883690118790  0.569486677646637  0.035086784511805
-0.074455164372921  0.843778371810913 -0.531502068042755  1.136904239654541
 0.000000000000000  0.000000000000000  0.000000000000000  1.000000000000000
----------------------------------------

Keypoints Radius: 0.020000000000000
Descriptor Radius: 0.040000000000000
Inlier Threshold: 0.060000000000000
Middle distance: 0.000391655397834

Scene input Cloud: 41637
Object input Cloud: 4321
Scene keypoints: 1059
Object keypoints: 84
Scene Features: 1059
Object Features: 84
Correspondences: 38
Filtered Correspondences: 6
Transform matrix:
 0.777452588081360 -0.350469022989273  0.522244095802307 -0.211764827370644
-0.123796842992306  0.728836476802826  0.673403084278107  0.045012190937996
-0.616637468338013 -0.588191151618958  0.523248851299286  1.117895007133484
 0.000000000000000  0.000000000000000  0.000000000000000  1.000000000000000
----------------------------------------

Keypoints Radius: 0.020000000000000
Descriptor Radius: 0.040000000000000
Inlier Threshold: 0.080000000000000
Middle distance: 0.000394981005229

Scene input Cloud: 41637
Object input Cloud: 4321
Scene keypoints: 1059
Object keypoints: 84
Scene Features: 1059
Object Features: 84
Correspondences: 38
Filtered Correspondences: 9
Transform matrix:
-0.450596898794174 -0.878714442253113 -0.157554447650909 -0.187739983201027
-0.640907406806946  0.195558145642281  0.742290198802948  0.002675884170458
-0.621450006961823  0.435451447963715 -0.651292443275452  1.146636486053467
 0.000000000000000  0.000000000000000  0.000000000000000  1.000000000000000
----------------------------------------

Keypoints Radius: 0.020000000000000
Descriptor Radius: 0.040000000000000
Inlier Threshold: 0.100000000000000
Middle distance: 0.000394981005229

Scene input Cloud: 41637
Object input Cloud: 4321
Scene keypoints: 1059
Object keypoints: 84
Scene Features: 1059
Object Features: 84
Correspondences: 38
Filtered Correspondences: 11
Transform matrix:
-0.450596898794174 -0.878714442253113 -0.157554447650909 -0.187739983201027
-0.640907406806946  0.195558145642281  0.742290198802948  0.002675884170458
-0.621450006961823  0.435451447963715 -0.651292443275452  1.146636486053467
 0.000000000000000  0.000000000000000  0.000000000000000  1.000000000000000
----------------------------------------

Keypoints Radius: 0.020000000000000
Descriptor Radius: 0.060000000000000
Inlier Threshold: 0.020000000000000
Middle distance: 0.000657799071632

Scene input Cloud: 41637
Object input Cloud: 4321
Scene keypoints: 1059
Object keypoints: 84
Scene Features: 1059
Object Features: 84
Correspondences: 34
Filtered Correspondences: 3
Transform matrix:
-0.062994629144669 -0.632821083068848  0.771731317043304  0.339026004076004
-0.750116288661957 -0.480031758546829 -0.454857140779495  0.354272395372391
 0.658298730850220 -0.607541799545288 -0.444449961185455  1.258626580238342
 0.000000000000000  0.000000000000000  0.000000000000000  1.000000000000000
----------------------------------------

Keypoints Radius: 0.020000000000000
Descriptor Radius: 0.060000000000000
Inlier Threshold: 0.040000000000000
Middle distance: 0.000637119053863

Scene input Cloud: 41637
Object input Cloud: 4321
Scene keypoints: 1059
Object keypoints: 84
Scene Features: 1059
Object Features: 84
Correspondences: 34
Filtered Correspondences: 4
Transform matrix:
-0.033782087266445 -0.737364530563354  0.674649775028229  0.338120847940445
-0.957981348037720 -0.168492615222931 -0.232125014066696  0.345231980085373
 0.284834265708923 -0.654143571853638 -0.700689435005188  1.248058199882507
 0.000000000000000  0.000000000000000  0.000000000000000  1.000000000000000
----------------------------------------

Keypoints Radius: 0.020000000000000
Descriptor Radius: 0.060000000000000
Inlier Threshold: 0.060000000000000
Middle distance: 0.000637119053863

Scene input Cloud: 41637
Object input Cloud: 4321
Scene keypoints: 1059
Object keypoints: 84
Scene Features: 1059
Object Features: 84
Correspondences: 34
Filtered Correspondences: 5
Transform matrix:
-0.033782087266445 -0.737364530563354  0.674649775028229  0.338120847940445
-0.957981348037720 -0.168492615222931 -0.232125014066696  0.345231980085373
 0.284834265708923 -0.654143571853638 -0.700689435005188  1.248058199882507
 0.000000000000000  0.000000000000000  0.000000000000000  1.000000000000000
----------------------------------------

Keypoints Radius: 0.020000000000000
Descriptor Radius: 0.060000000000000
Inlier Threshold: 0.080000000000000
Middle distance: 0.000545267248526

Scene input Cloud: 41637
Object input Cloud: 4321
Scene keypoints: 1059
Object keypoints: 84
Scene Features: 1059
Object Features: 84
Correspondences: 34
Filtered Correspondences: 6
Transform matrix:
-0.355077445507050 -0.265820205211639  0.896247506141663  0.332655131816864
-0.850910007953644 -0.305122494697571 -0.427612513303757  0.353523671627045
 0.387133330106735 -0.914461553096771 -0.117846958339214  1.222828149795532
 0.000000000000000  0.000000000000000  0.000000000000000  1.000000000000000
----------------------------------------

Keypoints Radius: 0.020000000000000
Descriptor Radius: 0.060000000000000
Inlier Threshold: 0.100000000000000
Middle distance: 0.000471682462376

Scene input Cloud: 41637
Object input Cloud: 4321
Scene keypoints: 1059
Object keypoints: 84
Scene Features: 1059
Object Features: 84
Correspondences: 34
Filtered Correspondences: 7
Transform matrix:
 0.870763599872589 -0.479684323072433  0.108044900000095  0.300803065299988
-0.461586833000183 -0.873172581195831 -0.156547710299492  0.371336162090302
 0.169435337185860  0.086443945765495 -0.981742918491364  1.262628316879272
 0.000000000000000  0.000000000000000  0.000000000000000  1.000000000000000
----------------------------------------

Keypoints Radius: 0.020000000000000
Descriptor Radius: 0.080000000000000
Inlier Threshold: 0.020000000000000
Middle distance: 0.000522036862094

Scene input Cloud: 41637
Object input Cloud: 4321
Scene keypoints: 1059
Object keypoints: 84
Scene Features: 1059
Object Features: 84
Correspondences: 20
Filtered Correspondences: 3
Transform matrix:
-0.138539999723434 -0.957997620105743  0.251092106103897  0.008684126660228
 0.976754069328308 -0.174049794673920 -0.125132486224174  0.071545399725437
 0.163579151034355  0.227919384837151  0.959840953350067  1.347393274307251
 0.000000000000000  0.000000000000000  0.000000000000000  1.000000000000000
----------------------------------------

Keypoints Radius: 0.020000000000000
Descriptor Radius: 0.080000000000000
Inlier Threshold: 0.040000000000000
Middle distance: 0.000522036862094

Scene input Cloud: 41637
Object input Cloud: 4321
Scene keypoints: 1059
Object keypoints: 84
Scene Features: 1059
Object Features: 84
Correspondences: 20
Filtered Correspondences: 3
Transform matrix:
-0.138539999723434 -0.957997620105743  0.251092106103897  0.008684126660228
 0.976754069328308 -0.174049794673920 -0.125132486224174  0.071545399725437
 0.163579151034355  0.227919384837151  0.959840953350067  1.347393274307251
 0.000000000000000  0.000000000000000  0.000000000000000  1.000000000000000
----------------------------------------

Keypoints Radius: 0.020000000000000
Descriptor Radius: 0.080000000000000
Inlier Threshold: 0.060000000000000
Middle distance: 0.000338985351846

Scene input Cloud: 41637
Object input Cloud: 4321
Scene keypoints: 1059
Object keypoints: 84
Scene Features: 1059
Object Features: 84
Correspondences: 20
Filtered Correspondences: 4
Transform matrix:
-0.600830852985382 -0.775242745876312  0.194938361644745  0.021832039579749
 0.746709585189819 -0.631353259086609 -0.209327250719070  0.074600093066692
 0.285354405641556  0.019792068749666  0.958217680454254  1.335056424140930
 0.000000000000000  0.000000000000000  0.000000000000000  1.000000000000000
----------------------------------------

Keypoints Radius: 0.020000000000000
Descriptor Radius: 0.080000000000000
Inlier Threshold: 0.080000000000000
Middle distance: 0.000522036862094

Scene input Cloud: 41637
Object input Cloud: 4321
Scene keypoints: 1059
Object keypoints: 84
Scene Features: 1059
Object Features: 84
Correspondences: 20
Filtered Correspondences: 4
Transform matrix:
-0.138539999723434 -0.957997620105743  0.251092106103897  0.008684126660228
 0.976754069328308 -0.174049794673920 -0.125132486224174  0.071545399725437
 0.163579151034355  0.227919384837151  0.959840953350067  1.347393274307251
 0.000000000000000  0.000000000000000  0.000000000000000  1.000000000000000
----------------------------------------

Keypoints Radius: 0.020000000000000
Descriptor Radius: 0.080000000000000
Inlier Threshold: 0.100000000000000
Middle distance: 0.000578956503887

Scene input Cloud: 41637
Object input Cloud: 4321
Scene keypoints: 1059
Object keypoints: 84
Scene Features: 1059
Object Features: 84
Correspondences: 20
Filtered Correspondences: 5
Transform matrix:
-0.780299842357635 -0.449754625558853 -0.434572100639343  0.033675514161587
-0.094618320465088  0.771762371063232 -0.628832399845123  0.125208854675293
 0.618206679821014 -0.449559360742569 -0.644761085510254  1.313355565071106
 0.000000000000000  0.000000000000000  0.000000000000000  1.000000000000000
----------------------------------------

Keypoints Radius: 0.020000000000000
Descriptor Radius: 0.100000000000000
Inlier Threshold: 0.020000000000000
Middle distance: 0.000721264397725

Scene input Cloud: 41637
Object input Cloud: 4321
Scene keypoints: 1059
Object keypoints: 84
Scene Features: 1059
Object Features: 84
Correspondences: 29
Filtered Correspondences: 3
Transform matrix:
 0.860883533954620 -0.216386601328850  0.460495769977570  0.345896691083908
-0.469248533248901  0.012205101549625  0.882981777191162  0.494552463293076
-0.196685820817947 -0.976231455802917 -0.091031923890114  1.192872166633606
 0.000000000000000  0.000000000000000  0.000000000000000  1.000000000000000
----------------------------------------

Keypoints Radius: 0.020000000000000
Descriptor Radius: 0.100000000000000
Inlier Threshold: 0.040000000000000
Middle distance: 0.000680104654748

Scene input Cloud: 41637
Object input Cloud: 4321
Scene keypoints: 1059
Object keypoints: 84
Scene Features: 1059
Object Features: 84
Correspondences: 29
Filtered Correspondences: 4
Transform matrix:
-0.653508126735687  0.082974366843700 -0.752357900142670 -0.211938649415970
-0.755204677581787 -0.004607025533915  0.655472815036774  0.534129500389099
 0.050921309739351  0.996541023254395  0.065673358738422  1.432829260826111
 0.000000000000000  0.000000000000000  0.000000000000000  1.000000000000000
----------------------------------------

Keypoints Radius: 0.020000000000000
Descriptor Radius: 0.100000000000000
Inlier Threshold: 0.060000000000000
Middle distance: 0.000604810717050

Scene input Cloud: 41637
Object input Cloud: 4321
Scene keypoints: 1059
Object keypoints: 84
Scene Features: 1059
Object Features: 84
Correspondences: 29
Filtered Correspondences: 5
Transform matrix:
 0.992134034633636 -0.053614567965269 -0.113117262721062 -0.163126081228256
 0.063316859304905  0.994452238082886  0.083998516201973  0.520537376403809
 0.107986167073250 -0.090500019490719  0.990024626255035  1.427784562110901
 0.000000000000000  0.000000000000000  0.000000000000000  1.000000000000000
----------------------------------------

Keypoints Radius: 0.020000000000000
Descriptor Radius: 0.100000000000000
Inlier Threshold: 0.080000000000000
Middle distance: 0.000461646239273

Scene input Cloud: 41637
Object input Cloud: 4321
Scene keypoints: 1059
Object keypoints: 84
Scene Features: 1059
Object Features: 84
Correspondences: 29
Filtered Correspondences: 7
Transform matrix:
 0.952960789203644 -0.251295030117035 -0.169459536671638  0.290183752775192
-0.153886079788208 -0.882825553417206  0.443777084350586  0.443139046430588
-0.261122167110443 -0.396824717521667 -0.879968941211700  1.175376892089844
 0.000000000000000  0.000000000000000  0.000000000000000  1.000000000000000
----------------------------------------

Keypoints Radius: 0.020000000000000
Descriptor Radius: 0.100000000000000
Inlier Threshold: 0.100000000000000
Middle distance: 0.000445426878287

Scene input Cloud: 41637
Object input Cloud: 4321
Scene keypoints: 1059
Object keypoints: 84
Scene Features: 1059
Object Features: 84
Correspondences: 29
Filtered Correspondences: 7
Transform matrix:
 0.455871403217316 -0.869186818599701  0.191560655832291  0.278744071722031
-0.577891290187836 -0.452741980552673 -0.679018676280975  0.399378329515457
 0.676921665668488  0.198843970894814 -0.708687603473663  1.203500986099243
 0.000000000000000  0.000000000000000  0.000000000000000  1.000000000000000
----------------------------------------

Keypoints Radius: 0.040000000000000
Descriptor Radius: 0.020000000000000
Inlier Threshold: 0.020000000000000
Middle distance: 0.000023317947125

Scene input Cloud: 41637
Object input Cloud: 4321
Scene keypoints: 1059
Object keypoints: 84
Scene Features: 1059
Object Features: 84
Correspondences: 35
Filtered Correspondences: 10
Transform matrix:
 0.813974797725677  0.573791265487671 -0.090601406991482  0.204197764396667
-0.296099483966827  0.544010460376740  0.785097241401672  0.084180913865566
 0.499770075082779 -0.612222373485565  0.612710118293762  1.096140384674072
 0.000000000000000  0.000000000000000  0.000000000000000  1.000000000000000
----------------------------------------

Keypoints Radius: 0.040000000000000
Descriptor Radius: 0.020000000000000
Inlier Threshold: 0.040000000000000
Middle distance: 0.000023317947125

Scene input Cloud: 41637
Object input Cloud: 4321
Scene keypoints: 1059
Object keypoints: 84
Scene Features: 1059
Object Features: 84
Correspondences: 35
Filtered Correspondences: 11
Transform matrix:
 0.813974797725677  0.573791265487671 -0.090601406991482  0.204197764396667
-0.296099483966827  0.544010460376740  0.785097241401672  0.084180913865566
 0.499770075082779 -0.612222373485565  0.612710118293762  1.096140384674072
 0.000000000000000  0.000000000000000  0.000000000000000  1.000000000000000
----------------------------------------

Keypoints Radius: 0.040000000000000
Descriptor Radius: 0.020000000000000
Inlier Threshold: 0.060000000000000
Middle distance: 0.000023317947125

Scene input Cloud: 41637
Object input Cloud: 4321
Scene keypoints: 1059
Object keypoints: 84
Scene Features: 1059
Object Features: 84
Correspondences: 35
Filtered Correspondences: 12
Transform matrix:
 0.813974797725677  0.573791265487671 -0.090601406991482  0.204197764396667
-0.296099483966827  0.544010460376740  0.785097241401672  0.084180913865566
 0.499770075082779 -0.612222373485565  0.612710118293762  1.096140384674072
 0.000000000000000  0.000000000000000  0.000000000000000  1.000000000000000
----------------------------------------

Keypoints Radius: 0.040000000000000
Descriptor Radius: 0.020000000000000
Inlier Threshold: 0.080000000000000
Middle distance: 0.000392272835597

Scene input Cloud: 41637
Object input Cloud: 4321
Scene keypoints: 1059
Object keypoints: 84
Scene Features: 1059
Object Features: 84
Correspondences: 35
Filtered Correspondences: 12
Transform matrix:
 0.331966847181320  0.942061305046082  0.048150405287743  0.246292233467102
-0.770668387413025  0.241428643465042  0.589730799198151  0.108946293592453
 0.543937742710114 -0.232879087328911  0.806163191795349  1.109407067298889
 0.000000000000000  0.000000000000000  0.000000000000000  1.000000000000000
----------------------------------------

Keypoints Radius: 0.040000000000000
Descriptor Radius: 0.020000000000000
Inlier Threshold: 0.100000000000000
Middle distance: 0.000384189537726

Scene input Cloud: 41637
Object input Cloud: 4321
Scene keypoints: 1059
Object keypoints: 84
Scene Features: 1059
Object Features: 84
Correspondences: 35
Filtered Correspondences: 13
Transform matrix:
 0.871895909309387  0.481189519166946 -0.090852648019791  0.175457537174225
-0.370301187038422  0.769276440143585  0.520663797855377  0.145704954862595
 0.320428758859634 -0.420321762561798  0.848914027214050  1.108275413513184
 0.000000000000000  0.000000000000000  0.000000000000000  1.000000000000000
----------------------------------------

Keypoints Radius: 0.040000000000000
Descriptor Radius: 0.040000000000000
Inlier Threshold: 0.020000000000000
Middle distance: 0.000500844093040

Scene input Cloud: 41637
Object input Cloud: 4321
Scene keypoints: 1059
Object keypoints: 84
Scene Features: 1059
Object Features: 84
Correspondences: 38
Filtered Correspondences: 4
Transform matrix:
-0.662131428718567 -0.737608432769775 -0.132347211241722 -0.255351245403290
-0.748676896095276  0.658795773983002  0.073966085910797  0.015799723565578
 0.032631777226925  0.148060575127602 -0.988439798355103  1.186886668205261
 0.000000000000000  0.000000000000000  0.000000000000000  1.000000000000000
----------------------------------------

Keypoints Radius: 0.040000000000000
Descriptor Radius: 0.040000000000000
Inlier Threshold: 0.040000000000000
Middle distance: 0.000399743643356

Scene input Cloud: 41637
Object input Cloud: 4321
Scene keypoints: 1059
Object keypoints: 84
Scene Features: 1059
Object Features: 84
Correspondences: 38
Filtered Correspondences: 6
Transform matrix:
-0.635125875473022 -0.451026290655136 -0.627048969268799 -0.247366204857826
-0.768811821937561  0.290883690118790  0.569486677646637  0.035086784511805
-0.074455164372921  0.843778371810913 -0.531502068042755  1.136904239654541
 0.000000000000000  0.000000000000000  0.000000000000000  1.000000000000000
----------------------------------------

Keypoints Radius: 0.040000000000000
Descriptor Radius: 0.040000000000000
Inlier Threshold: 0.060000000000000
Middle distance: 0.000391655397834

Scene input Cloud: 41637
Object input Cloud: 4321
Scene keypoints: 1059
Object keypoints: 84
Scene Features: 1059
Object Features: 84
Correspondences: 38
Filtered Correspondences: 6
Transform matrix:
 0.777452588081360 -0.350469022989273  0.522244095802307 -0.211764827370644
-0.123796842992306  0.728836476802826  0.673403084278107  0.045012190937996
-0.616637468338013 -0.588191151618958  0.523248851299286  1.117895007133484
 0.000000000000000  0.000000000000000  0.000000000000000  1.000000000000000
----------------------------------------

Keypoints Radius: 0.040000000000000
Descriptor Radius: 0.040000000000000
Inlier Threshold: 0.080000000000000
Middle distance: 0.000394981005229

Scene input Cloud: 41637
Object input Cloud: 4321
Scene keypoints: 1059
Object keypoints: 84
Scene Features: 1059
Object Features: 84
Correspondences: 38
Filtered Correspondences: 9
Transform matrix:
-0.450596898794174 -0.878714442253113 -0.157554447650909 -0.187739983201027
-0.640907406806946  0.195558145642281  0.742290198802948  0.002675884170458
-0.621450006961823  0.435451447963715 -0.651292443275452  1.146636486053467
 0.000000000000000  0.000000000000000  0.000000000000000  1.000000000000000
----------------------------------------

Keypoints Radius: 0.040000000000000
Descriptor Radius: 0.040000000000000
Inlier Threshold: 0.100000000000000
Middle distance: 0.000394981005229

Scene input Cloud: 41637
Object input Cloud: 4321
Scene keypoints: 1059
Object keypoints: 84
Scene Features: 1059
Object Features: 84
Correspondences: 38
Filtered Correspondences: 11
Transform matrix:
-0.450596898794174 -0.878714442253113 -0.157554447650909 -0.187739983201027
-0.640907406806946  0.195558145642281  0.742290198802948  0.002675884170458
-0.621450006961823  0.435451447963715 -0.651292443275452  1.146636486053467
 0.000000000000000  0.000000000000000  0.000000000000000  1.000000000000000
----------------------------------------

Keypoints Radius: 0.040000000000000
Descriptor Radius: 0.060000000000000
Inlier Threshold: 0.020000000000000
Middle distance: 0.000657799071632

Scene input Cloud: 41637
Object input Cloud: 4321
Scene keypoints: 1059
Object keypoints: 84
Scene Features: 1059
Object Features: 84
Correspondences: 34
Filtered Correspondences: 3
Transform matrix:
-0.062994629144669 -0.632821083068848  0.771731317043304  0.339026004076004
-0.750116288661957 -0.480031758546829 -0.454857140779495  0.354272395372391
 0.658298730850220 -0.607541799545288 -0.444449961185455  1.258626580238342
 0.000000000000000  0.000000000000000  0.000000000000000  1.000000000000000
----------------------------------------

Keypoints Radius: 0.040000000000000
Descriptor Radius: 0.060000000000000
Inlier Threshold: 0.040000000000000
Middle distance: 0.000637119053863

Scene input Cloud: 41637
Object input Cloud: 4321
Scene keypoints: 1059
Object keypoints: 84
Scene Features: 1059
Object Features: 84
Correspondences: 34
Filtered Correspondences: 4
Transform matrix:
-0.033782087266445 -0.737364530563354  0.674649775028229  0.338120847940445
-0.957981348037720 -0.168492615222931 -0.232125014066696  0.345231980085373
 0.284834265708923 -0.654143571853638 -0.700689435005188  1.248058199882507
 0.000000000000000  0.000000000000000  0.000000000000000  1.000000000000000
----------------------------------------

Keypoints Radius: 0.040000000000000
Descriptor Radius: 0.060000000000000
Inlier Threshold: 0.060000000000000
Middle distance: 0.000637119053863

Scene input Cloud: 41637
Object input Cloud: 4321
Scene keypoints: 1059
Object keypoints: 84
Scene Features: 1059
Object Features: 84
Correspondences: 34
Filtered Correspondences: 5
Transform matrix:
-0.033782087266445 -0.737364530563354  0.674649775028229  0.338120847940445
-0.957981348037720 -0.168492615222931 -0.232125014066696  0.345231980085373
 0.284834265708923 -0.654143571853638 -0.700689435005188  1.248058199882507
 0.000000000000000  0.000000000000000  0.000000000000000  1.000000000000000
----------------------------------------

Keypoints Radius: 0.040000000000000
Descriptor Radius: 0.060000000000000
Inlier Threshold: 0.080000000000000
Middle distance: 0.000545267248526

Scene input Cloud: 41637
Object input Cloud: 4321
Scene keypoints: 1059
Object keypoints: 84
Scene Features: 1059
Object Features: 84
Correspondences: 34
Filtered Correspondences: 6
Transform matrix:
-0.355077445507050 -0.265820205211639  0.896247506141663  0.332655131816864
-0.850910007953644 -0.305122494697571 -0.427612513303757  0.353523671627045
 0.387133330106735 -0.914461553096771 -0.117846958339214  1.222828149795532
 0.000000000000000  0.000000000000000  0.000000000000000  1.000000000000000
----------------------------------------

Keypoints Radius: 0.040000000000000
Descriptor Radius: 0.060000000000000
Inlier Threshold: 0.100000000000000
Middle distance: 0.000471682462376

Scene input Cloud: 41637
Object input Cloud: 4321
Scene keypoints: 1059
Object keypoints: 84
Scene Features: 1059
Object Features: 84
Correspondences: 34
Filtered Correspondences: 7
Transform matrix:
 0.870763599872589 -0.479684323072433  0.108044900000095  0.300803065299988
-0.461586833000183 -0.873172581195831 -0.156547710299492  0.371336162090302
 0.169435337185860  0.086443945765495 -0.981742918491364  1.262628316879272
 0.000000000000000  0.000000000000000  0.000000000000000  1.000000000000000
----------------------------------------

Keypoints Radius: 0.040000000000000
Descriptor Radius: 0.080000000000000
Inlier Threshold: 0.020000000000000
Middle distance: 0.000522036862094

Scene input Cloud: 41637
Object input Cloud: 4321
Scene keypoints: 1059
Object keypoints: 84
Scene Features: 1059
Object Features: 84
Correspondences: 20
Filtered Correspondences: 3
Transform matrix:
-0.138539999723434 -0.957997620105743  0.251092106103897  0.008684126660228
 0.976754069328308 -0.174049794673920 -0.125132486224174  0.071545399725437
 0.163579151034355  0.227919384837151  0.959840953350067  1.347393274307251
 0.000000000000000  0.000000000000000  0.000000000000000  1.000000000000000
----------------------------------------

Keypoints Radius: 0.040000000000000
Descriptor Radius: 0.080000000000000
Inlier Threshold: 0.040000000000000
Middle distance: 0.000522036862094

Scene input Cloud: 41637
Object input Cloud: 4321
Scene keypoints: 1059
Object keypoints: 84
Scene Features: 1059
Object Features: 84
Correspondences: 20
Filtered Correspondences: 3
Transform matrix:
-0.138539999723434 -0.957997620105743  0.251092106103897  0.008684126660228
 0.976754069328308 -0.174049794673920 -0.125132486224174  0.071545399725437
 0.163579151034355  0.227919384837151  0.959840953350067  1.347393274307251
 0.000000000000000  0.000000000000000  0.000000000000000  1.000000000000000
----------------------------------------

Keypoints Radius: 0.040000000000000
Descriptor Radius: 0.080000000000000
Inlier Threshold: 0.060000000000000
Middle distance: 0.000338985351846

Scene input Cloud: 41637
Object input Cloud: 4321
Scene keypoints: 1059
Object keypoints: 84
Scene Features: 1059
Object Features: 84
Correspondences: 20
Filtered Correspondences: 4
Transform matrix:
-0.600830852985382 -0.775242745876312  0.194938361644745  0.021832039579749
 0.746709585189819 -0.631353259086609 -0.209327250719070  0.074600093066692
 0.285354405641556  0.019792068749666  0.958217680454254  1.335056424140930
 0.000000000000000  0.000000000000000  0.000000000000000  1.000000000000000
----------------------------------------

Keypoints Radius: 0.040000000000000
Descriptor Radius: 0.080000000000000
Inlier Threshold: 0.080000000000000
Middle distance: 0.000522036862094

Scene input Cloud: 41637
Object input Cloud: 4321
Scene keypoints: 1059
Object keypoints: 84
Scene Features: 1059
Object Features: 84
Correspondences: 20
Filtered Correspondences: 4
Transform matrix:
-0.138539999723434 -0.957997620105743  0.251092106103897  0.008684126660228
 0.976754069328308 -0.174049794673920 -0.125132486224174  0.071545399725437
 0.163579151034355  0.227919384837151  0.959840953350067  1.347393274307251
 0.000000000000000  0.000000000000000  0.000000000000000  1.000000000000000
----------------------------------------

Keypoints Radius: 0.040000000000000
Descriptor Radius: 0.080000000000000
Inlier Threshold: 0.100000000000000
Middle distance: 0.000578956503887

Scene input Cloud: 41637
Object input Cloud: 4321
Scene keypoints: 1059
Object keypoints: 84
Scene Features: 1059
Object Features: 84
Correspondences: 20
Filtered Correspondences: 5
Transform matrix:
-0.780299842357635 -0.449754625558853 -0.434572100639343  0.033675514161587
-0.094618320465088  0.771762371063232 -0.628832399845123  0.125208854675293
 0.618206679821014 -0.449559360742569 -0.644761085510254  1.313355565071106
 0.000000000000000  0.000000000000000  0.000000000000000  1.000000000000000
----------------------------------------

Keypoints Radius: 0.040000000000000
Descriptor Radius: 0.100000000000000
Inlier Threshold: 0.020000000000000
Middle distance: 0.000721264397725

Scene input Cloud: 41637
Object input Cloud: 4321
Scene keypoints: 1059
Object keypoints: 84
Scene Features: 1059
Object Features: 84
Correspondences: 29
Filtered Correspondences: 3
Transform matrix:
 0.860883533954620 -0.216386601328850  0.460495769977570  0.345896691083908
-0.469248533248901  0.012205101549625  0.882981777191162  0.494552463293076
-0.196685820817947 -0.976231455802917 -0.091031923890114  1.192872166633606
 0.000000000000000  0.000000000000000  0.000000000000000  1.000000000000000
----------------------------------------

Keypoints Radius: 0.040000000000000
Descriptor Radius: 0.100000000000000
Inlier Threshold: 0.040000000000000
Middle distance: 0.000680104654748

Scene input Cloud: 41637
Object input Cloud: 4321
Scene keypoints: 1059
Object keypoints: 84
Scene Features: 1059
Object Features: 84
Correspondences: 29
Filtered Correspondences: 4
Transform matrix:
-0.653508126735687  0.082974366843700 -0.752357900142670 -0.211938649415970
-0.755204677581787 -0.004607025533915  0.655472815036774  0.534129500389099
 0.050921309739351  0.996541023254395  0.065673358738422  1.432829260826111
 0.000000000000000  0.000000000000000  0.000000000000000  1.000000000000000
----------------------------------------

Keypoints Radius: 0.040000000000000
Descriptor Radius: 0.100000000000000
Inlier Threshold: 0.060000000000000
Middle distance: 0.000604810717050

Scene input Cloud: 41637
Object input Cloud: 4321
Scene keypoints: 1059
Object keypoints: 84
Scene Features: 1059
Object Features: 84
Correspondences: 29
Filtered Correspondences: 5
Transform matrix:
 0.992134034633636 -0.053614567965269 -0.113117262721062 -0.163126081228256
 0.063316859304905  0.994452238082886  0.083998516201973  0.520537376403809
 0.107986167073250 -0.090500019490719  0.990024626255035  1.427784562110901
 0.000000000000000  0.000000000000000  0.000000000000000  1.000000000000000
----------------------------------------

Keypoints Radius: 0.040000000000000
Descriptor Radius: 0.100000000000000
Inlier Threshold: 0.080000000000000
Middle distance: 0.000461646239273

Scene input Cloud: 41637
Object input Cloud: 4321
Scene keypoints: 1059
Object keypoints: 84
Scene Features: 1059
Object Features: 84
Correspondences: 29
Filtered Correspondences: 7
Transform matrix:
 0.952960789203644 -0.251295030117035 -0.169459536671638  0.290183752775192
-0.153886079788208 -0.882825553417206  0.443777084350586  0.443139046430588
-0.261122167110443 -0.396824717521667 -0.879968941211700  1.175376892089844
 0.000000000000000  0.000000000000000  0.000000000000000  1.000000000000000
----------------------------------------

Keypoints Radius: 0.040000000000000
Descriptor Radius: 0.100000000000000
Inlier Threshold: 0.100000000000000
Middle distance: 0.000445426878287

Scene input Cloud: 41637
Object input Cloud: 4321
Scene keypoints: 1059
Object keypoints: 84
Scene Features: 1059
Object Features: 84
Correspondences: 29
Filtered Correspondences: 7
Transform matrix:
 0.455871403217316 -0.869186818599701  0.191560655832291  0.278744071722031
-0.577891290187836 -0.452741980552673 -0.679018676280975  0.399378329515457
 0.676921665668488  0.198843970894814 -0.708687603473663  1.203500986099243
 0.000000000000000  0.000000000000000  0.000000000000000  1.000000000000000
----------------------------------------

Keypoints Radius: 0.060000000000000
Descriptor Radius: 0.020000000000000
Inlier Threshold: 0.020000000000000
Middle distance: 0.000023317947125

Scene input Cloud: 41637
Object input Cloud: 4321
Scene keypoints: 1059
Object keypoints: 84
Scene Features: 1059
Object Features: 84
Correspondences: 35
Filtered Correspondences: 10
Transform matrix:
 0.813974797725677  0.573791265487671 -0.090601406991482  0.204197764396667
-0.296099483966827  0.544010460376740  0.785097241401672  0.084180913865566
 0.499770075082779 -0.612222373485565  0.612710118293762  1.096140384674072
 0.000000000000000  0.000000000000000  0.000000000000000  1.000000000000000
----------------------------------------

Keypoints Radius: 0.060000000000000
Descriptor Radius: 0.020000000000000
Inlier Threshold: 0.040000000000000
Middle distance: 0.000023317947125

Scene input Cloud: 41637
Object input Cloud: 4321
Scene keypoints: 1059
Object keypoints: 84
Scene Features: 1059
Object Features: 84
Correspondences: 35
Filtered Correspondences: 11
Transform matrix:
 0.813974797725677  0.573791265487671 -0.090601406991482  0.204197764396667
-0.296099483966827  0.544010460376740  0.785097241401672  0.084180913865566
 0.499770075082779 -0.612222373485565  0.612710118293762  1.096140384674072
 0.000000000000000  0.000000000000000  0.000000000000000  1.000000000000000
----------------------------------------

Keypoints Radius: 0.060000000000000
Descriptor Radius: 0.020000000000000
Inlier Threshold: 0.060000000000000
Middle distance: 0.000023317947125

Scene input Cloud: 41637
Object input Cloud: 4321
Scene keypoints: 1059
Object keypoints: 84
Scene Features: 1059
Object Features: 84
Correspondences: 35
Filtered Correspondences: 12
Transform matrix:
 0.813974797725677  0.573791265487671 -0.090601406991482  0.204197764396667
-0.296099483966827  0.544010460376740  0.785097241401672  0.084180913865566
 0.499770075082779 -0.612222373485565  0.612710118293762  1.096140384674072
 0.000000000000000  0.000000000000000  0.000000000000000  1.000000000000000
----------------------------------------

Keypoints Radius: 0.060000000000000
Descriptor Radius: 0.020000000000000
Inlier Threshold: 0.080000000000000
Middle distance: 0.000392272835597

Scene input Cloud: 41637
Object input Cloud: 4321
Scene keypoints: 1059
Object keypoints: 84
Scene Features: 1059
Object Features: 84
Correspondences: 35
Filtered Correspondences: 12
Transform matrix:
 0.331966847181320  0.942061305046082  0.048150405287743  0.246292233467102
-0.770668387413025  0.241428643465042  0.589730799198151  0.108946293592453
 0.543937742710114 -0.232879087328911  0.806163191795349  1.109407067298889
 0.000000000000000  0.000000000000000  0.000000000000000  1.000000000000000
----------------------------------------

Keypoints Radius: 0.060000000000000
Descriptor Radius: 0.020000000000000
Inlier Threshold: 0.100000000000000
Middle distance: 0.000384189537726

Scene input Cloud: 41637
Object input Cloud: 4321
Scene keypoints: 1059
Object keypoints: 84
Scene Features: 1059
Object Features: 84
Correspondences: 35
Filtered Correspondences: 13
Transform matrix:
 0.871895909309387  0.481189519166946 -0.090852648019791  0.175457537174225
-0.370301187038422  0.769276440143585  0.520663797855377  0.145704954862595
 0.320428758859634 -0.420321762561798  0.848914027214050  1.108275413513184
 0.000000000000000  0.000000000000000  0.000000000000000  1.000000000000000
----------------------------------------

Keypoints Radius: 0.060000000000000
Descriptor Radius: 0.040000000000000
Inlier Threshold: 0.020000000000000
Middle distance: 0.000500844093040

Scene input Cloud: 41637
Object input Cloud: 4321
Scene keypoints: 1059
Object keypoints: 84
Scene Features: 1059
Object Features: 84
Correspondences: 38
Filtered Correspondences: 4
Transform matrix:
-0.662131428718567 -0.737608432769775 -0.132347211241722 -0.255351245403290
-0.748676896095276  0.658795773983002  0.073966085910797  0.015799723565578
 0.032631777226925  0.148060575127602 -0.988439798355103  1.186886668205261
 0.000000000000000  0.000000000000000  0.000000000000000  1.000000000000000
----------------------------------------

Keypoints Radius: 0.060000000000000
Descriptor Radius: 0.040000000000000
Inlier Threshold: 0.040000000000000
Middle distance: 0.000399743643356

Scene input Cloud: 41637
Object input Cloud: 4321
Scene keypoints: 1059
Object keypoints: 84
Scene Features: 1059
Object Features: 84
Correspondences: 38
Filtered Correspondences: 6
Transform matrix:
-0.635125875473022 -0.451026290655136 -0.627048969268799 -0.247366204857826
-0.768811821937561  0.290883690118790  0.569486677646637  0.035086784511805
-0.074455164372921  0.843778371810913 -0.531502068042755  1.136904239654541
 0.000000000000000  0.000000000000000  0.000000000000000  1.000000000000000
----------------------------------------

Keypoints Radius: 0.060000000000000
Descriptor Radius: 0.040000000000000
Inlier Threshold: 0.060000000000000
Middle distance: 0.000391655397834

Scene input Cloud: 41637
Object input Cloud: 4321
Scene keypoints: 1059
Object keypoints: 84
Scene Features: 1059
Object Features: 84
Correspondences: 38
Filtered Correspondences: 6
Transform matrix:
 0.777452588081360 -0.350469022989273  0.522244095802307 -0.211764827370644
-0.123796842992306  0.728836476802826  0.673403084278107  0.045012190937996
