Features    Descriptor:    ShapeContext
Keypoints    Extractor:    iss

Keypoints    Radius:    0.020000
Descriptor    Radius:    0.020000
Inlier    Threshold:    0.020000
Middle    distance:    0.000023317908926

Scene    input    Cloud:    41637
Object    input    Cloud:    4321
Scene    keypoints:    1059
Object    keypoints:    84
Scene    Features:    1059
Object    Features:    84
Correspondences:    24
Filtered    Correspondences:    4
Transform    matrix:
    0.813974797725677        0.573791265487671    -0.090601347386837        0.204197764396667
-0.296099573373795        0.544010460376740        0.785097241401672        0.084180921316147
    0.499770045280457    -0.612222373485565        0.612710118293762        1.096140384674072
    0.000000000000000        0.000000000000000        0.000000000000000        1.000000000000000
----------------------------------------

Keypoints    Radius:    0.020000000000000
Descriptor    Radius:    0.020000000000000
Inlier    Threshold:    0.040000000000000
Middle    distance:    0.000358086603228

Scene    input    Cloud:    41637
Object    input    Cloud:    4321
Scene    keypoints:    1059
Object    keypoints:    84
Scene    Features:    1059
Object    Features:    84
Correspondences:    24
Filtered    Correspondences:    6
Transform    matrix:
-0.979064226150513        0.180914670228958        0.093290664255619        0.298380136489868
-0.199857950210571    -0.767477512359619    -0.609126508235931        0.405200839042664
-0.038601435720921    -0.615018844604492        0.787566959857941        1.201565861701965
    0.000000000000000        0.000000000000000        0.000000000000000        1.000000000000000
----------------------------------------

Keypoints    Radius:    0.020000000000000
Descriptor    Radius:    0.020000000000000
Inlier    Threshold:    0.060000000000000
Middle    distance:    0.000358086603228

Scene    input    Cloud:    41637
Object    input    Cloud:    4321
Scene    keypoints:    1059
Object    keypoints:    84
Scene    Features:    1059
Object    Features:    84
Correspondences:    24
Filtered    Correspondences:    6
Transform    matrix:
-0.979064226150513        0.180914670228958        0.093290664255619        0.298380136489868
-0.199857950210571    -0.767477512359619    -0.609126508235931        0.405200839042664
-0.038601435720921    -0.615018844604492        0.787566959857941        1.201565861701965
    0.000000000000000        0.000000000000000        0.000000000000000        1.000000000000000
----------------------------------------

Keypoints    Radius:    0.020000000000000
Descriptor    Radius:    0.020000000000000
Inlier    Threshold:    0.080000000000000
Middle    distance:    0.000457358692074

Scene    input    Cloud:    41637
Object    input    Cloud:    4321
Scene    keypoints:    1059
Object    keypoints:    84
Scene    Features:    1059
Object    Features:    84
Correspondences:    24
Filtered    Correspondences:    7
Transform    matrix:
-0.791002631187439        0.500347495079041        0.352089822292328        0.307768851518631
-0.541780054569244    -0.840200960636139    -0.023167401552200        0.398083895444870
    0.284234464168549    -0.209080725908279        0.935679435729980        1.238864421844482
    0.000000000000000        0.000000000000000        0.000000000000000        1.000000000000000
----------------------------------------

Keypoints    Radius:    0.020000000000000
Descriptor    Radius:    0.020000000000000
Inlier    Threshold:    0.100000000000000
Middle    distance:    0.000457358692074

Scene    input    Cloud:    41637
Object    input    Cloud:    4321
Scene    keypoints:    1059
Object    keypoints:    84
Scene    Features:    1059
Object    Features:    84
Correspondences:    24
Filtered    Correspondences:    8
Transform    matrix:
-0.791002631187439        0.500347495079041        0.352089822292328        0.307768851518631
-0.541780054569244    -0.840200960636139    -0.023167401552200        0.398083895444870
    0.284234464168549    -0.209080725908279        0.935679435729980        1.238864421844482
    0.000000000000000        0.000000000000000        0.000000000000000        1.000000000000000
----------------------------------------

Keypoints    Radius:    0.020000000000000
Descriptor    Radius:    0.040000000000000
Inlier    Threshold:    0.020000000000000
Middle    distance:    10000.000000000000000

Scene    input    Cloud:    41637
Object    input    Cloud:    4321
Scene    keypoints:    1059
Object    keypoints:    84
Scene    Features:    1059
Object    Features:    84
Correspondences:    11
Filtered    Correspondences:    11
Transform    matrix:
1.000000000000000    0.000000000000000    0.000000000000000    0.000000000000000
0.000000000000000    1.000000000000000    0.000000000000000    0.000000000000000
0.000000000000000    0.000000000000000    1.000000000000000    0.000000000000000
0.000000000000000    0.000000000000000    0.000000000000000    1.000000000000000
----------------------------------------

Keypoints    Radius:    0.020000000000000
Descriptor    Radius:    0.040000000000000
Inlier    Threshold:    0.040000000000000
Middle    distance:    0.000431378313806

Scene    input    Cloud:    41637
Object    input    Cloud:    4321
Scene    keypoints:    1059
Object    keypoints:    84
Scene    Features:    1059
Object    Features:    84
Correspondences:    11
Filtered    Correspondences:    3
Transform    matrix:
-0.164069667458534    -0.021527210250497        0.986213862895966        0.332375228404999
    0.837551295757294        0.525135278701782        0.150800421833992        0.401381433010101
-0.521141946315765        0.850746452808380    -0.068128623068333        1.226926207542419
    0.000000000000000        0.000000000000000        0.000000000000000        1.000000000000000
----------------------------------------

Keypoints    Radius:    0.020000000000000
Descriptor    Radius:    0.040000000000000
Inlier    Threshold:    0.060000000000000
Middle    distance:    0.000516339438036

Scene    input    Cloud:    41637
Object    input    Cloud:    4321
Scene    keypoints:    1059
Object    keypoints:    84
Scene    Features:    1059
Object    Features:    84
Correspondences:    11
Filtered    Correspondences:    3
Transform    matrix:
-0.547366321086884        0.327792376279831        0.770027458667755        0.361157268285751
    0.808918595314026        0.443130075931549        0.386375993490219        0.390230745077133
-0.214571222662926        0.834378719329834    -0.507711827754974        1.190256953239441
    0.000000000000000        0.000000000000000        0.000000000000000        1.000000000000000
----------------------------------------

Keypoints    Radius:    0.020000000000000
Descriptor    Radius:    0.040000000000000
Inlier    Threshold:    0.080000000000000
Middle    distance:    0.000516339438036

Scene    input    Cloud:    41637
Object    input    Cloud:    4321
Scene    keypoints:    1059
Object    keypoints:    84
Scene    Features:    1059
Object    Features:    84
Correspondences:    11
Filtered    Correspondences:    4
Transform    matrix:
-0.547366321086884        0.327792376279831        0.770027458667755        0.361157268285751
    0.808918595314026        0.443130075931549        0.386375993490219        0.390230745077133
-0.214571222662926        0.834378719329834    -0.507711827754974        1.190256953239441
    0.000000000000000        0.000000000000000        0.000000000000000        1.000000000000000
----------------------------------------

Keypoints    Radius:    0.020000000000000
Descriptor    Radius:    0.040000000000000
Inlier    Threshold:    0.100000000000000
Middle    distance:    0.000516339438036

Scene    input    Cloud:    41637
Object    input    Cloud:    4321
Scene    keypoints:    1059
Object    keypoints:    84
Scene    Features:    1059
Object    Features:    84
Correspondences:    11
Filtered    Correspondences:    4
Transform    matrix:
-0.547366321086884        0.327792376279831        0.770027458667755        0.361157268285751
    0.808918595314026        0.443130075931549        0.386375993490219        0.390230745077133
-0.214571222662926        0.834378719329834    -0.507711827754974        1.190256953239441
    0.000000000000000        0.000000000000000        0.000000000000000        1.000000000000000
----------------------------------------

Keypoints    Radius:    0.020000000000000
Descriptor    Radius:    0.060000000000000
Inlier    Threshold:    0.020000000000000
Middle    distance:    10000.000000000000000

Scene    input    Cloud:    41637
Object    input    Cloud:    4321
Scene    keypoints:    1059
Object    keypoints:    84
Scene    Features:    1059
Object    Features:    84
Correspondences:    10
Filtered    Correspondences:    10
Transform    matrix:
1.000000000000000    0.000000000000000    0.000000000000000    0.000000000000000
0.000000000000000    1.000000000000000    0.000000000000000    0.000000000000000
0.000000000000000    0.000000000000000    1.000000000000000    0.000000000000000
0.000000000000000    0.000000000000000    0.000000000000000    1.000000000000000
----------------------------------------

Keypoints    Radius:    0.020000000000000
Descriptor    Radius:    0.060000000000000
Inlier    Threshold:    0.040000000000000
Middle    distance:    10000.000000000000000

Scene    input    Cloud:    41637
Object    input    Cloud:    4321
Scene    keypoints:    1059
Object    keypoints:    84
Scene    Features:    1059
Object    Features:    84
Correspondences:    10
Filtered    Correspondences:    10
Transform    matrix:
1.000000000000000    0.000000000000000    0.000000000000000    0.000000000000000
0.000000000000000    1.000000000000000    0.000000000000000    0.000000000000000
0.000000000000000    0.000000000000000    1.000000000000000    0.000000000000000
0.000000000000000    0.000000000000000    0.000000000000000    1.000000000000000
----------------------------------------

Keypoints    Radius:    0.020000000000000
Descriptor    Radius:    0.060000000000000
Inlier    Threshold:    0.060000000000000
Middle    distance:    0.000569021503907

Scene    input    Cloud:    41637
Object    input    Cloud:    4321
Scene    keypoints:    1059
Object    keypoints:    84
Scene    Features:    1059
Object    Features:    84
Correspondences:    10
Filtered    Correspondences:    3
Transform    matrix:
-0.460123121738434        0.538565874099731        0.705856561660767        0.075855746865273
    0.696767568588257        0.711769282817841    -0.088878966867924        0.113827772438526
-0.550274193286896        0.450922697782516    -0.702756762504578        1.330356597900391
    0.000000000000000        0.000000000000000        0.000000000000000        1.000000000000000
----------------------------------------

Keypoints    Radius:    0.020000000000000
Descriptor    Radius:    0.060000000000000
Inlier    Threshold:    0.080000000000000
Middle    distance:    0.000569021503907

Scene    input    Cloud:    41637
Object    input    Cloud:    4321
Scene    keypoints:    1059
Object    keypoints:    84
Scene    Features:    1059
Object    Features:    84
Correspondences:    10
Filtered    Correspondences:    3
Transform    matrix:
-0.460123121738434        0.538565874099731        0.705856561660767        0.075855746865273
    0.696767568588257        0.711769282817841    -0.088878966867924        0.113827772438526
-0.550274193286896        0.450922697782516    -0.702756762504578        1.330356597900391
    0.000000000000000        0.000000000000000        0.000000000000000        1.000000000000000
----------------------------------------

Keypoints    Radius:    0.020000000000000
Descriptor    Radius:    0.060000000000000
Inlier    Threshold:    0.100000000000000
Middle    distance:    0.000610900984611

Scene    input    Cloud:    41637
Object    input    Cloud:    4321
Scene    keypoints:    1059
Object    keypoints:    84
Scene    Features:    1059
Object    Features:    84
Correspondences:    10
Filtered    Correspondences:    4
Transform    matrix:
-0.799718260765076        0.514188587665558        0.309936732053757        0.118542566895485
    0.581084728240967        0.533096969127655        0.614937543869019        0.126141652464867
    0.150967508554459        0.671876311302185    -0.725114524364471        1.273251295089722
    0.000000000000000        0.000000000000000        0.000000000000000        1.000000000000000
----------------------------------------

Keypoints    Radius:    0.020000000000000
Descriptor    Radius:    0.080000000000000
Inlier    Threshold:    0.020000000000000
Middle    distance:    10000.000000000000000

Scene    input    Cloud:    41637
Object    input    Cloud:    4321
Scene    keypoints:    1059
Object    keypoints:    84
Scene    Features:    1059
Object    Features:    84
Correspondences:    13
Filtered    Correspondences:    13
Transform    matrix:
1.000000000000000    0.000000000000000    0.000000000000000    0.000000000000000
0.000000000000000    1.000000000000000    0.000000000000000    0.000000000000000
0.000000000000000    0.000000000000000    1.000000000000000    0.000000000000000
0.000000000000000    0.000000000000000    0.000000000000000    1.000000000000000
----------------------------------------

Keypoints    Radius:    0.020000000000000
Descriptor    Radius:    0.080000000000000
Inlier    Threshold:    0.040000000000000
Middle    distance:    0.000646072207019

Scene    input    Cloud:    41637
Object    input    Cloud:    4321
Scene    keypoints:    1059
Object    keypoints:    84
Scene    Features:    1059
Object    Features:    84
Correspondences:    13
Filtered    Correspondences:    3
Transform    matrix:
-0.848112821578979        0.491131275892258        0.198732703924179        0.067316889762878
    0.167707800865173        0.604669928550720    -0.778619527816772        0.113934583961964
-0.502572119235992    -0.627028226852417    -0.595194876194000        1.317771673202515
    0.000000000000000        0.000000000000000        0.000000000000000        1.000000000000000
----------------------------------------

Keypoints    Radius:    0.020000000000000
Descriptor    Radius:    0.080000000000000
Inlier    Threshold:    0.060000000000000
Middle    distance:    0.000646072207019

Scene    input    Cloud:    41637
Object    input    Cloud:    4321
Scene    keypoints:    1059
Object    keypoints:    84
Scene    Features:    1059
Object    Features:    84
Correspondences:    13
Filtered    Correspondences:    3
Transform    matrix:
-0.848112821578979        0.491131275892258        0.198732703924179        0.067316889762878
    0.167707800865173        0.604669928550720    -0.778619527816772        0.113934583961964
-0.502572119235992    -0.627028226852417    -0.595194876194000        1.317771673202515
    0.000000000000000        0.000000000000000        0.000000000000000        1.000000000000000
----------------------------------------

Keypoints    Radius:    0.020000000000000
Descriptor    Radius:    0.080000000000000
Inlier    Threshold:    0.080000000000000
Middle    distance:    0.000646072207019

Scene    input    Cloud:    41637
Object    input    Cloud:    4321
Scene    keypoints:    1059
Object    keypoints:    84
Scene    Features:    1059
Object    Features:    84
Correspondences:    13
Filtered    Correspondences:    3
Transform    matrix:
-0.848112821578979        0.491131275892258        0.198732703924179        0.067316889762878
    0.167707800865173        0.604669928550720    -0.778619527816772        0.113934583961964
-0.502572119235992    -0.627028226852417    -0.595194876194000        1.317771673202515
    0.000000000000000        0.000000000000000        0.000000000000000        1.000000000000000
----------------------------------------

Keypoints    Radius:    0.020000000000000
Descriptor    Radius:    0.080000000000000
Inlier    Threshold:    0.100000000000000
Middle    distance:    0.000561075401492

Scene    input    Cloud:    41637
Object    input    Cloud:    4321
Scene    keypoints:    1059
Object    keypoints:    84
Scene    Features:    1059
Object    Features:    84
Correspondences:    13
Filtered    Correspondences:    4
Transform    matrix:
    0.473235011100769        0.433713823556900        0.766773104667664        0.349581509828568
    0.619283437728882    -0.782826483249664        0.060586437582970        0.406470924615860
    0.626527428627014        0.446178257465363    -0.639052689075470        1.163776755332947
    0.000000000000000        0.000000000000000        0.000000000000000        1.000000000000000
----------------------------------------

Keypoints    Radius:    0.020000000000000
Descriptor    Radius:    0.100000000000000
Inlier    Threshold:    0.020000000000000
Middle    distance:    0.000036908953916

Scene    input    Cloud:    41637
Object    input    Cloud:    4321
Scene    keypoints:    1059
Object    keypoints:    84
Scene    Features:    1059
Object    Features:    84
Correspondences:    13
Filtered    Correspondences:    6
Transform    matrix:
    0.792932093143463        0.603048861026764    -0.087124824523926        0.204037934541702
-0.314055830240250        0.527032375335693        0.789687156677246        0.087202519178391
    0.522137582302094    -0.598806262016296        0.607291936874390        1.094755649566650
    0.000000000000000        0.000000000000000        0.000000000000000        1.000000000000000
----------------------------------------

Keypoints    Radius:    0.020000000000000
Descriptor    Radius:    0.100000000000000
Inlier    Threshold:    0.040000000000000
Middle    distance:    0.000036908953916

Scene    input    Cloud:    41637
Object    input    Cloud:    4321
Scene    keypoints:    1059
Object    keypoints:    84
Scene    Features:    1059
Object    Features:    84
Correspondences:    13
Filtered    Correspondences:    6
Transform    matrix:
    0.792932093143463        0.603048861026764    -0.087124824523926        0.204037934541702
-0.314055830240250        0.527032375335693        0.789687156677246        0.087202519178391
    0.522137582302094    -0.598806262016296        0.607291936874390        1.094755649566650
    0.000000000000000        0.000000000000000        0.000000000000000        1.000000000000000
----------------------------------------

Keypoints    Radius:    0.020000000000000
Descriptor    Radius:    0.100000000000000
Inlier    Threshold:    0.060000000000000
Middle    distance:    0.000036908953916

Scene    input    Cloud:    41637
Object    input    Cloud:    4321
Scene    keypoints:    1059
Object    keypoints:    84
Scene    Features:    1059
Object    Features:    84
Correspondences:    13
Filtered    Correspondences:    6
Transform    matrix:
    0.792932093143463        0.603048861026764    -0.087124824523926        0.204037934541702
-0.314055830240250        0.527032375335693        0.789687156677246        0.087202519178391
    0.522137582302094    -0.598806262016296        0.607291936874390        1.094755649566650
    0.000000000000000        0.000000000000000        0.000000000000000        1.000000000000000
----------------------------------------

Keypoints    Radius:    0.020000000000000
Descriptor    Radius:    0.100000000000000
Inlier    Threshold:    0.080000000000000
Middle    distance:    0.000036908953916

Scene    input    Cloud:    41637
Object    input    Cloud:    4321
Scene    keypoints:    1059
Object    keypoints:    84
Scene    Features:    1059
Object    Features:    84
Correspondences:    13
Filtered    Correspondences:    6
Transform    matrix:
    0.792932093143463        0.603048861026764    -0.087124824523926        0.204037934541702
-0.314055830240250        0.527032375335693        0.789687156677246        0.087202519178391
    0.522137582302094    -0.598806262016296        0.607291936874390        1.094755649566650
    0.000000000000000        0.000000000000000        0.000000000000000        1.000000000000000
----------------------------------------

Keypoints    Radius:    0.020000000000000
Descriptor    Radius:    0.100000000000000
Inlier    Threshold:    0.100000000000000
Middle    distance:    0.000036908953916

Scene    input    Cloud:    41637
Object    input    Cloud:    4321
Scene    keypoints:    1059
Object    keypoints:    84
Scene    Features:    1059
Object    Features:    84
Correspondences:    13
Filtered    Correspondences:    6
Transform    matrix:
    0.792932093143463        0.603048861026764    -0.087124824523926        0.204037934541702
-0.314055830240250        0.527032375335693        0.789687156677246        0.087202519178391
    0.522137582302094    -0.598806262016296        0.607291936874390        1.094755649566650
    0.000000000000000        0.000000000000000        0.000000000000000        1.000000000000000
----------------------------------------

Keypoints    Radius:    0.040000000000000
Descriptor    Radius:    0.020000000000000
Inlier    Threshold:    0.020000000000000
Middle    distance:    0.000023317908926

Scene    input    Cloud:    41637
Object    input    Cloud:    4321
Scene    keypoints:    1059
Object    keypoints:    84
Scene    Features:    1059
Object    Features:    84
Correspondences:    24
Filtered    Correspondences:    4
Transform    matrix:
    0.813974797725677        0.573791265487671    -0.090601347386837        0.204197764396667
-0.296099573373795        0.544010460376740        0.785097241401672        0.084180921316147
    0.499770045280457    -0.612222373485565        0.612710118293762        1.096140384674072
    0.000000000000000        0.000000000000000        0.000000000000000        1.000000000000000
----------------------------------------

Keypoints    Radius:    0.040000000000000
Descriptor    Radius:    0.020000000000000
Inlier    Threshold:    0.040000000000000
Middle    distance:    0.000358086603228

Scene    input    Cloud:    41637
Object    input    Cloud:    4321
Scene    keypoints:    1059
Object    keypoints:    84
Scene    Features:    1059
Object    Features:    84
Correspondences:    24
Filtered    Correspondences:    6
Transform    matrix:
-0.979064226150513        0.180914670228958        0.093290664255619        0.298380136489868
-0.199857950210571    -0.767477512359619    -0.609126508235931        0.405200839042664
-0.038601435720921    -0.615018844604492        0.787566959857941        1.201565861701965
    0.000000000000000        0.000000000000000        0.000000000000000        1.000000000000000
----------------------------------------

Keypoints    Radius:    0.040000000000000
Descriptor    Radius:    0.020000000000000
Inlier    Threshold:    0.060000000000000
Middle    distance:    0.000358086603228

Scene    input    Cloud:    41637
Object    input    Cloud:    4321
Scene    keypoints:    1059
Object    keypoints:    84
Scene    Features:    1059
Object    Features:    84
Correspondences:    24
Filtered    Correspondences:    6
Transform    matrix:
-0.979064226150513        0.180914670228958        0.093290664255619        0.298380136489868
-0.199857950210571    -0.767477512359619    -0.609126508235931        0.405200839042664
-0.038601435720921    -0.615018844604492        0.787566959857941        1.201565861701965
    0.000000000000000        0.000000000000000        0.000000000000000        1.000000000000000
----------------------------------------

Keypoints    Radius:    0.040000000000000
Descriptor    Radius:    0.020000000000000
Inlier    Threshold:    0.080000000000000
Middle    distance:    0.000457358692074

Scene    input    Cloud:    41637
Object    input    Cloud:    4321
Scene    keypoints:    1059
Object    keypoints:    84
Scene    Features:    1059
Object    Features:    84
Correspondences:    24
Filtered    Correspondences:    7
Transform    matrix:
-0.791002631187439        0.500347495079041        0.352089822292328        0.307768851518631
-0.541780054569244    -0.840200960636139    -0.023167401552200        0.398083895444870
    0.284234464168549    -0.209080725908279        0.935679435729980        1.238864421844482
    0.000000000000000        0.000000000000000        0.000000000000000        1.000000000000000
----------------------------------------

Keypoints    Radius:    0.040000000000000
Descriptor    Radius:    0.020000000000000
Inlier    Threshold:    0.100000000000000
Middle    distance:    0.000457358692074

Scene    input    Cloud:    41637
Object    input    Cloud:    4321
Scene    keypoints:    1059
Object    keypoints:    84
Scene    Features:    1059
Object    Features:    84
Correspondences:    24
Filtered    Correspondences:    8
Transform    matrix:
-0.791002631187439        0.500347495079041        0.352089822292328        0.307768851518631
-0.541780054569244    -0.840200960636139    -0.023167401552200        0.398083895444870
    0.284234464168549    -0.209080725908279        0.935679435729980        1.238864421844482
    0.000000000000000        0.000000000000000        0.000000000000000        1.000000000000000
----------------------------------------

Keypoints    Radius:    0.040000000000000
Descriptor    Radius:    0.040000000000000
Inlier    Threshold:    0.020000000000000
Middle    distance:    10000.000000000000000

Scene    input    Cloud:    41637
Object    input    Cloud:    4321
Scene    keypoints:    1059
Object    keypoints:    84
Scene    Features:    1059
Object    Features:    84
Correspondences:    11
Filtered    Correspondences:    11
Transform    matrix:
1.000000000000000    0.000000000000000    0.000000000000000    0.000000000000000
0.000000000000000    1.000000000000000    0.000000000000000    0.000000000000000
0.000000000000000    0.000000000000000    1.000000000000000    0.000000000000000
0.000000000000000    0.000000000000000    0.000000000000000    1.000000000000000
----------------------------------------

Keypoints    Radius:    0.040000000000000
Descriptor    Radius:    0.040000000000000
Inlier    Threshold:    0.040000000000000
Middle    distance:    0.000431378313806

Scene    input    Cloud:    41637
Object    input    Cloud:    4321
Scene    keypoints:    1059
Object    keypoints:    84
Scene    Features:    1059
Object    Features:    84
Correspondences:    11
Filtered    Correspondences:    3
Transform    matrix:
-0.164069667458534    -0.021527210250497        0.986213862895966        0.332375228404999
    0.837551295757294        0.525135278701782        0.150800421833992        0.401381433010101
-0.521141946315765        0.850746452808380    -0.068128623068333        1.226926207542419
    0.000000000000000        0.000000000000000        0.000000000000000        1.000000000000000
----------------------------------------

Keypoints    Radius:    0.040000000000000
Descriptor    Radius:    0.040000000000000
Inlier    Threshold:    0.060000000000000
Middle    distance:    0.000516339438036

Scene    input    Cloud:    41637
Object    input    Cloud:    4321
Scene    keypoints:    1059
Object    keypoints:    84
Scene    Features:    1059
Object    Features:    84
Correspondences:    11
Filtered    Correspondences:    3
Transform    matrix:
-0.547366321086884        0.327792376279831        0.770027458667755        0.361157268285751
    0.808918595314026        0.443130075931549        0.386375993490219        0.390230745077133
-0.214571222662926        0.834378719329834    -0.507711827754974        1.190256953239441
    0.000000000000000        0.000000000000000        0.000000000000000        1.000000000000000
----------------------------------------

Keypoints    Radius:    0.040000000000000
Descriptor    Radius:    0.040000000000000
Inlier    Threshold:    0.080000000000000
Middle    distance:    0.000516339438036

Scene    input    Cloud:    41637
Object    input    Cloud:    4321
Scene    keypoints:    1059
Object    keypoints:    84
Scene    Features:    1059
Object    Features:    84
Correspondences:    11
Filtered    Correspondences:    4
Transform    matrix:
-0.547366321086884        0.327792376279831        0.770027458667755        0.361157268285751
    0.808918595314026        0.443130075931549        0.386375993490219        0.390230745077133
-0.214571222662926        0.834378719329834    -0.507711827754974        1.190256953239441
    0.000000000000000        0.000000000000000        0.000000000000000        1.000000000000000
----------------------------------------

Keypoints    Radius:    0.040000000000000
Descriptor    Radius:    0.040000000000000
Inlier    Threshold:    0.100000000000000
Middle    distance:    0.000516339438036

Scene    input    Cloud:    41637
Object    input    Cloud:    4321
Scene    keypoints:    1059
Object    keypoints:    84
Scene    Features:    1059
Object    Features:    84
Correspondences:    11
Filtered    Correspondences:    4
Transform    matrix:
-0.547366321086884        0.327792376279831        0.770027458667755        0.361157268285751
    0.808918595314026        0.443130075931549        0.386375993490219        0.390230745077133
-0.214571222662926        0.834378719329834    -0.507711827754974        1.190256953239441
    0.000000000000000        0.000000000000000        0.000000000000000        1.000000000000000
----------------------------------------

Keypoints    Radius:    0.040000000000000
Descriptor    Radius:    0.060000000000000
Inlier    Threshold:    0.020000000000000
Middle    distance:    10000.000000000000000

Scene    input    Cloud:    41637
Object    input    Cloud:    4321
Scene    keypoints:    1059
Object    keypoints:    84
Scene    Features:    1059
Object    Features:    84
Correspondences:    10
Filtered    Correspondences:    10
Transform    matrix:
1.000000000000000    0.000000000000000    0.000000000000000    0.000000000000000
0.000000000000000    1.000000000000000    0.000000000000000    0.000000000000000
0.000000000000000    0.000000000000000    1.000000000000000    0.000000000000000
0.000000000000000    0.000000000000000    0.000000000000000    1.000000000000000
----------------------------------------

Keypoints    Radius:    0.040000000000000
Descriptor    Radius:    0.060000000000000
Inlier    Threshold:    0.040000000000000
Middle    distance:    10000.000000000000000

Scene    input    Cloud:    41637
Object    input    Cloud:    4321
Scene    keypoints:    1059
Object    keypoints:    84
Scene    Features:    1059
Object    Features:    84
Correspondences:    10
Filtered    Correspondences:    10
Transform    matrix:
1.000000000000000    0.000000000000000    0.000000000000000    0.000000000000000
0.000000000000000    1.000000000000000    0.000000000000000    0.000000000000000
0.000000000000000    0.000000000000000    1.000000000000000    0.000000000000000
0.000000000000000    0.000000000000000    0.000000000000000    1.000000000000000
----------------------------------------

Keypoints    Radius:    0.040000000000000
Descriptor    Radius:    0.060000000000000
Inlier    Threshold:    0.060000000000000
Middle    distance:    0.000569021503907

Scene    input    Cloud:    41637
Object    input    Cloud:    4321
Scene    keypoints:    1059
Object    keypoints:    84
Scene    Features:    1059
Object    Features:    84
Correspondences:    10
Filtered    Correspondences:    3
Transform    matrix:
-0.460123121738434        0.538565874099731        0.705856561660767        0.075855746865273
    0.696767568588257        0.711769282817841    -0.088878966867924        0.113827772438526
-0.550274193286896        0.450922697782516    -0.702756762504578        1.330356597900391
    0.000000000000000        0.000000000000000        0.000000000000000        1.000000000000000
----------------------------------------

Keypoints    Radius:    0.040000000000000
Descriptor    Radius:    0.060000000000000
Inlier    Threshold:    0.080000000000000
Middle    distance:    0.000569021503907

Scene    input    Cloud:    41637
Object    input    Cloud:    4321
Scene    keypoints:    1059
Object    keypoints:    84
Scene    Features:    1059
Object    Features:    84
Correspondences:    10
Filtered    Correspondences:    3
Transform    matrix:
-0.460123121738434        0.538565874099731        0.705856561660767        0.075855746865273
    0.696767568588257        0.711769282817841    -0.088878966867924        0.113827772438526
-0.550274193286896        0.450922697782516    -0.702756762504578        1.330356597900391
    0.000000000000000        0.000000000000000        0.000000000000000        1.000000000000000
----------------------------------------

Keypoints    Radius:    0.040000000000000
Descriptor    Radius:    0.060000000000000
Inlier    Threshold:    0.100000000000000
Middle    distance:    0.000610900984611

Scene    input    Cloud:    41637
Object    input    Cloud:    4321
Scene    keypoints:    1059
Object    keypoints:    84
Scene    Features:    1059
Object    Features:    84
Correspondences:    10
Filtered    Correspondences:    4
Transform    matrix:
-0.799718260765076        0.514188587665558        0.309936732053757        0.118542566895485
    0.581084728240967        0.533096969127655        0.614937543869019        0.126141652464867
    0.150967508554459        0.671876311302185    -0.725114524364471        1.273251295089722
    0.000000000000000        0.000000000000000        0.000000000000000        1.000000000000000
----------------------------------------

Keypoints    Radius:    0.040000000000000
Descriptor    Radius:    0.080000000000000
Inlier    Threshold:    0.020000000000000
Middle    distance:    10000.000000000000000

Scene    input    Cloud:    41637
Object    input    Cloud:    4321
Scene    keypoints:    1059
Object    keypoints:    84
Scene    Features:    1059
Object    Features:    84
Correspondences:    13
Filtered    Correspondences:    13
Transform    matrix:
1.000000000000000    0.000000000000000    0.000000000000000    0.000000000000000
0.000000000000000    1.000000000000000    0.000000000000000    0.000000000000000
0.000000000000000    0.000000000000000    1.000000000000000    0.000000000000000
0.000000000000000    0.000000000000000    0.000000000000000    1.000000000000000
----------------------------------------

Keypoints    Radius:    0.040000000000000
Descriptor    Radius:    0.080000000000000
Inlier    Threshold:    0.040000000000000
Middle    distance:    0.000646072207019

Scene    input    Cloud:    41637
Object    input    Cloud:    4321
Scene    keypoints:    1059
Object    keypoints:    84
Scene    Features:    1059
Object    Features:    84
Correspondences:    13
Filtered    Correspondences:    3
Transform    matrix:
-0.848112821578979        0.491131275892258        0.198732703924179        0.067316889762878
    0.167707800865173        0.604669928550720    -0.778619527816772        0.113934583961964
-0.502572119235992    -0.627028226852417    -0.595194876194000        1.317771673202515
    0.000000000000000        0.000000000000000        0.000000000000000        1.000000000000000
----------------------------------------

Keypoints    Radius:    0.040000000000000
Descriptor    Radius:    0.080000000000000
Inlier    Threshold:    0.060000000000000
Middle    distance:    0.000646072207019

Scene    input    Cloud:    41637
Object    input    Cloud:    4321
Scene    keypoints:    1059
Object    keypoints:    84
Scene    Features:    1059
Object    Features:    84
Correspondences:    13
Filtered    Correspondences:    3
Transform    matrix:
-0.848112821578979        0.491131275892258        0.198732703924179        0.067316889762878
    0.167707800865173        0.604669928550720    -0.778619527816772        0.113934583961964
-0.502572119235992    -0.627028226852417    -0.595194876194000        1.317771673202515
    0.000000000000000        0.000000000000000        0.000000000000000        1.000000000000000
----------------------------------------

Keypoints    Radius:    0.040000000000000
Descriptor    Radius:    0.080000000000000
Inlier    Threshold:    0.080000000000000
Middle    distance:    0.000646072207019

Scene    input    Cloud:    41637
Object    input    Cloud:    4321
Scene    keypoints:    1059
Object    keypoints:    84
Scene    Features:    1059
Object    Features:    84
Correspondences:    13
Filtered    Correspondences:    3
Transform    matrix:
-0.848112821578979        0.491131275892258        0.198732703924179        0.067316889762878
    0.167707800865173        0.604669928550720    -0.778619527816772        0.113934583961964
-0.502572119235992    -0.627028226852417    -0.595194876194000        1.317771673202515
    0.000000000000000        0.000000000000000        0.000000000000000        1.000000000000000
----------------------------------------

Keypoints    Radius:    0.040000000000000
Descriptor    Radius:    0.080000000000000
Inlier    Threshold:    0.100000000000000
Middle    distance:    0.000561075401492

Scene    input    Cloud:    41637
Object    input    Cloud:    4321
Scene    keypoints:    1059
Object    keypoints:    84
Scene    Features:    1059
Object    Features:    84
Correspondences:    13
Filtered    Correspondences:    4
Transform    matrix:
    0.473235011100769        0.433713823556900        0.766773104667664        0.349581509828568
    0.619283437728882    -0.782826483249664        0.060586437582970        0.406470924615860
    0.626527428627014        0.446178257465363    -0.639052689075470        1.163776755332947
    0.000000000000000        0.000000000000000        0.000000000000000        1.000000000000000
----------------------------------------

Keypoints    Radius:    0.040000000000000
Descriptor    Radius:    0.100000000000000
Inlier    Threshold:    0.020000000000000
Middle    distance:    0.000036908953916

Scene    input    Cloud:    41637
Object    input    Cloud:    4321
Scene    keypoints:    1059
Object    keypoints:    84
Scene    Features:    1059
Object    Features:    84
Correspondences:    13
Filtered    Correspondences:    6
Transform    matrix:
    0.792932093143463        0.603048861026764    -0.087124824523926        0.204037934541702
-0.314055830240250        0.527032375335693        0.789687156677246        0.087202519178391
    0.522137582302094    -0.598806262016296        0.607291936874390        1.094755649566650
    0.000000000000000        0.000000000000000        0.000000000000000        1.000000000000000
----------------------------------------

Keypoints    Radius:    0.040000000000000
Descriptor    Radius:    0.100000000000000
Inlier    Threshold:    0.040000000000000
Middle    distance:    0.000036908953916

Scene    input    Cloud:    41637
Object    input    Cloud:    4321
Scene    keypoints:    1059
Object    keypoints:    84
Scene    Features:    1059
Object    Features:    84
Correspondences:    13
Filtered    Correspondences:    6
Transform    matrix:
    0.792932093143463        0.603048861026764    -0.087124824523926        0.204037934541702
-0.314055830240250        0.527032375335693        0.789687156677246        0.087202519178391
    0.522137582302094    -0.598806262016296        0.607291936874390        1.094755649566650
    0.000000000000000        0.000000000000000        0.000000000000000        1.000000000000000
----------------------------------------

Keypoints    Radius:    0.040000000000000
Descriptor    Radius:    0.100000000000000
Inlier    Threshold:    0.060000000000000
Middle    distance:    0.000036908953916

Scene    input    Cloud:    41637
Object    input    Cloud:    4321
Scene    keypoints:    1059
Object    keypoints:    84
Scene    Features:    1059
Object    Features:    84
Correspondences:    13
Filtered    Correspondences:    6
Transform    matrix:
    0.792932093143463        0.603048861026764    -0.087124824523926        0.204037934541702
-0.314055830240250        0.527032375335693        0.789687156677246        0.087202519178391
    0.522137582302094    -0.598806262016296        0.607291936874390        1.094755649566650
