Features    Descriptor:    FPFH
Keypoints    Extractor:    iss

Keypoints    Radius:    0.020000
Descriptor    Radius:    0.020000
Inlier    Threshold:    0.020000
Middle    distance:    0.000018442940927

Scene    input    Cloud:    41637
Object    input    Cloud:    5774
Scene    keypoints:    1059
Object    keypoints:    111
Scene    Features:    1059
Object    Features:    111
Correspondences:    43
Filtered    Correspondences:    11
Transform    matrix:
    0.846781075000763        0.529890656471252    -0.046665828675032    -0.228875845670700
-0.308033406734467        0.559980094432831        0.769114851951599        0.022539621219039
    0.433678746223450    -0.636897265911102        0.637404561042786        1.128600001335144
    0.000000000000000        0.000000000000000        0.000000000000000        1.000000000000000
----------------------------------------

Keypoints    Radius:    0.020000000000000
Descriptor    Radius:    0.020000000000000
Inlier    Threshold:    0.040000000000000
Middle    distance:    0.000018442940927

Scene    input    Cloud:    41637
Object    input    Cloud:    5774
Scene    keypoints:    1059
Object    keypoints:    111
Scene    Features:    1059
Object    Features:    111
Correspondences:    43
Filtered    Correspondences:    12
Transform    matrix:
    0.846781075000763        0.529890656471252    -0.046665828675032    -0.228875845670700
-0.308033406734467        0.559980094432831        0.769114851951599        0.022539621219039
    0.433678746223450    -0.636897265911102        0.637404561042786        1.128600001335144
    0.000000000000000        0.000000000000000        0.000000000000000        1.000000000000000
----------------------------------------

Keypoints    Radius:    0.020000000000000
Descriptor    Radius:    0.020000000000000
Inlier    Threshold:    0.060000000000000
Middle    distance:    0.000337218254572

Scene    input    Cloud:    41637
Object    input    Cloud:    5774
Scene    keypoints:    1059
Object    keypoints:    111
Scene    Features:    1059
Object    Features:    111
Correspondences:    43
Filtered    Correspondences:    14
Transform    matrix:
    0.770857632160187        0.246839568018913    -0.587238252162933    -0.223558187484741
-0.341203391551971        0.938470602035522    -0.053415384143591        0.046054247766733
    0.537920773029327        0.241543337702751        0.807649672031403        1.123036623001099
    0.000000000000000        0.000000000000000        0.000000000000000        1.000000000000000
----------------------------------------

Keypoints    Radius:    0.020000000000000
Descriptor    Radius:    0.020000000000000
Inlier    Threshold:    0.080000000000000
Middle    distance:    0.000359341880539

Scene    input    Cloud:    41637
Object    input    Cloud:    5774
Scene    keypoints:    1059
Object    keypoints:    111
Scene    Features:    1059
Object    Features:    111
Correspondences:    43
Filtered    Correspondences:    17
Transform    matrix:
    0.585782945156097        0.571932554244995    -0.574239909648895    -0.228861421346664
-0.566224098205566        0.795735239982605        0.214931905269623        0.060541700571775
    0.579869508743286        0.199245005846024        0.789970159530640        1.157492160797119
    0.000000000000000        0.000000000000000        0.000000000000000        1.000000000000000
----------------------------------------

Keypoints    Radius:    0.020000000000000
Descriptor    Radius:    0.020000000000000
Inlier    Threshold:    0.100000000000000
Middle    distance:    0.000359341880539

Scene    input    Cloud:    41637
Object    input    Cloud:    5774
Scene    keypoints:    1059
Object    keypoints:    111
Scene    Features:    1059
Object    Features:    111
Correspondences:    43
Filtered    Correspondences:    19
Transform    matrix:
    0.585782945156097        0.571932554244995    -0.574239909648895    -0.228861421346664
-0.566224098205566        0.795735239982605        0.214931905269623        0.060541700571775
    0.579869508743286        0.199245005846024        0.789970159530640        1.157492160797119
    0.000000000000000        0.000000000000000        0.000000000000000        1.000000000000000
----------------------------------------

Keypoints    Radius:    0.020000000000000
Descriptor    Radius:    0.040000000000000
Inlier    Threshold:    0.020000000000000
Middle    distance:    0.000375497707864

Scene    input    Cloud:    41637
Object    input    Cloud:    5774
Scene    keypoints:    1059
Object    keypoints:    111
Scene    Features:    1059
Object    Features:    111
Correspondences:    11
Filtered    Correspondences:    3
Transform    matrix:
    0.025941414758563    -0.890512585639954    -0.454218417406082    -0.224089875817299
    0.341133803129196        0.434982717037201    -0.833317339420319    -0.002727996092290
    0.939656734466553    -0.133331820368767        0.315068006515503        1.113961100578308
    0.000000000000000        0.000000000000000        0.000000000000000        1.000000000000000
----------------------------------------

Keypoints    Radius:    0.020000000000000
Descriptor    Radius:    0.040000000000000
Inlier    Threshold:    0.040000000000000
Middle    distance:    0.000385257852031

Scene    input    Cloud:    41637
Object    input    Cloud:    5774
Scene    keypoints:    1059
Object    keypoints:    111
Scene    Features:    1059
Object    Features:    111
Correspondences:    11
Filtered    Correspondences:    4
Transform    matrix:
-0.327014803886414        0.080766707658768    -0.941561520099640    -0.205220088362694
    0.078503459692001        0.995219111442566        0.058104306459427        0.011957940645516
    0.941752910614014    -0.054914865642786    -0.331791847944260        1.115273356437683
    0.000000000000000        0.000000000000000        0.000000000000000        1.000000000000000
----------------------------------------

Keypoints    Radius:    0.020000000000000
Descriptor    Radius:    0.040000000000000
Inlier    Threshold:    0.060000000000000
Middle    distance:    0.000397757597966

Scene    input    Cloud:    41637
Object    input    Cloud:    5774
Scene    keypoints:    1059
Object    keypoints:    111
Scene    Features:    1059
Object    Features:    111
Correspondences:    11
Filtered    Correspondences:    6
Transform    matrix:
-0.374704748392105        0.073812000453472    -0.924201369285583    -0.187705695629120
-0.283736974000931        0.939869701862335        0.190100640058517        0.011336858384311
    0.882660567760468        0.333461731672287    -0.331230431795120        1.122796297073364
    0.000000000000000        0.000000000000000        0.000000000000000        1.000000000000000
----------------------------------------

Keypoints    Radius:    0.020000000000000
Descriptor    Radius:    0.040000000000000
Inlier    Threshold:    0.080000000000000
Middle    distance:    0.000385257852031

Scene    input    Cloud:    41637
Object    input    Cloud:    5774
Scene    keypoints:    1059
Object    keypoints:    111
Scene    Features:    1059
Object    Features:    111
Correspondences:    11
Filtered    Correspondences:    7
Transform    matrix:
-0.327014803886414        0.080766707658768    -0.941561520099640    -0.205220088362694
    0.078503459692001        0.995219111442566        0.058104306459427        0.011957940645516
    0.941752910614014    -0.054914865642786    -0.331791847944260        1.115273356437683
    0.000000000000000        0.000000000000000        0.000000000000000        1.000000000000000
----------------------------------------

Keypoints    Radius:    0.020000000000000
Descriptor    Radius:    0.040000000000000
Inlier    Threshold:    0.100000000000000
Middle    distance:    0.000353039737092

Scene    input    Cloud:    41637
Object    input    Cloud:    5774
Scene    keypoints:    1059
Object    keypoints:    111
Scene    Features:    1059
Object    Features:    111
Correspondences:    11
Filtered    Correspondences:    8
Transform    matrix:
-0.783964335918427        0.008103330619633        0.620752990245819    -0.229454040527344
-0.317843198776245    -0.864160478115082    -0.390131264925003        0.028399337083101
    0.533268809318542    -0.503151118755341        0.680046558380127        1.135742783546448
    0.000000000000000        0.000000000000000        0.000000000000000        1.000000000000000
----------------------------------------

Keypoints    Radius:    0.020000000000000
Descriptor    Radius:    0.060000000000000
Inlier    Threshold:    0.020000000000000
Middle    distance:    0.000122767742141

Scene    input    Cloud:    41637
Object    input    Cloud:    5774
Scene    keypoints:    1059
Object    keypoints:    111
Scene    Features:    1059
Object    Features:    111
Correspondences:    11
Filtered    Correspondences:    6
Transform    matrix:
    0.940932393074036        0.338126480579376        0.017797246575356    -0.231110513210297
-0.203418686985970        0.522486805915833        0.828026831150055        0.025370214134455
    0.270678967237473    -0.782737493515015        0.560405969619751        1.122222542762756
    0.000000000000000        0.000000000000000        0.000000000000000        1.000000000000000
----------------------------------------

Keypoints    Radius:    0.020000000000000
Descriptor    Radius:    0.060000000000000
Inlier    Threshold:    0.040000000000000
Middle    distance:    0.000218909088289

Scene    input    Cloud:    41637
Object    input    Cloud:    5774
Scene    keypoints:    1059
Object    keypoints:    111
Scene    Features:    1059
Object    Features:    111
Correspondences:    11
Filtered    Correspondences:    7
Transform    matrix:
    0.514921545982361        0.846109271049500        0.137676775455475    -0.242403626441956
-0.622792661190033        0.258879512548447        0.738316118717194        0.007686167024076
    0.589054465293884    -0.465918958187103        0.660253286361694        1.130276679992676
    0.000000000000000        0.000000000000000        0.000000000000000        1.000000000000000
----------------------------------------

Keypoints    Radius:    0.020000000000000
Descriptor    Radius:    0.060000000000000
Inlier    Threshold:    0.060000000000000
Middle    distance:    0.000218909088289

Scene    input    Cloud:    41637
Object    input    Cloud:    5774
Scene    keypoints:    1059
Object    keypoints:    111
Scene    Features:    1059
Object    Features:    111
Correspondences:    11
Filtered    Correspondences:    7
Transform    matrix:
    0.514921545982361        0.846109271049500        0.137676775455475    -0.242403626441956
-0.622792661190033        0.258879512548447        0.738316118717194        0.007686167024076
    0.589054465293884    -0.465918958187103        0.660253286361694        1.130276679992676
    0.000000000000000        0.000000000000000        0.000000000000000        1.000000000000000
----------------------------------------

Keypoints    Radius:    0.020000000000000
Descriptor    Radius:    0.060000000000000
Inlier    Threshold:    0.080000000000000
Middle    distance:    0.000122767742141

Scene    input    Cloud:    41637
Object    input    Cloud:    5774
Scene    keypoints:    1059
Object    keypoints:    111
Scene    Features:    1059
Object    Features:    111
Correspondences:    11
Filtered    Correspondences:    8
Transform    matrix:
    0.940932393074036        0.338126480579376        0.017797246575356    -0.231110513210297
-0.203418686985970        0.522486805915833        0.828026831150055        0.025370214134455
    0.270678967237473    -0.782737493515015        0.560405969619751        1.122222542762756
    0.000000000000000        0.000000000000000        0.000000000000000        1.000000000000000
----------------------------------------

Keypoints    Radius:    0.020000000000000
Descriptor    Radius:    0.060000000000000
Inlier    Threshold:    0.100000000000000
Middle    distance:    0.000122767742141

Scene    input    Cloud:    41637
Object    input    Cloud:    5774
Scene    keypoints:    1059
Object    keypoints:    111
Scene    Features:    1059
Object    Features:    111
Correspondences:    11
Filtered    Correspondences:    8
Transform    matrix:
    0.940932393074036        0.338126480579376        0.017797246575356    -0.231110513210297
-0.203418686985970        0.522486805915833        0.828026831150055        0.025370214134455
    0.270678967237473    -0.782737493515015        0.560405969619751        1.122222542762756
    0.000000000000000        0.000000000000000        0.000000000000000        1.000000000000000
----------------------------------------

Keypoints    Radius:    0.020000000000000
Descriptor    Radius:    0.080000000000000
Inlier    Threshold:    0.020000000000000
Middle    distance:    10000.000000000000000

Scene    input    Cloud:    41637
Object    input    Cloud:    5774
Scene    keypoints:    1059
Object    keypoints:    111
Scene    Features:    1059
Object    Features:    111
Correspondences:    6
Filtered    Correspondences:    6
Transform    matrix:
1.000000000000000    0.000000000000000    0.000000000000000    0.000000000000000
0.000000000000000    1.000000000000000    0.000000000000000    0.000000000000000
0.000000000000000    0.000000000000000    1.000000000000000    0.000000000000000
0.000000000000000    0.000000000000000    0.000000000000000    1.000000000000000
----------------------------------------

Keypoints    Radius:    0.020000000000000
Descriptor    Radius:    0.080000000000000
Inlier    Threshold:    0.040000000000000
Middle    distance:    0.000326765497448

Scene    input    Cloud:    41637
Object    input    Cloud:    5774
Scene    keypoints:    1059
Object    keypoints:    111
Scene    Features:    1059
Object    Features:    111
Correspondences:    6
Filtered    Correspondences:    3
Transform    matrix:
-0.377141267061234        0.599295139312744    -0.706123113632202    -0.209487989544868
-0.704482674598694        0.309304893016815        0.638775885105133        0.029612863436341
    0.601222574710846        0.738360226154327        0.305541396141052        1.145939946174622
    0.000000000000000        0.000000000000000        0.000000000000000        1.000000000000000
----------------------------------------

Keypoints    Radius:    0.020000000000000
Descriptor    Radius:    0.080000000000000
Inlier    Threshold:    0.060000000000000
Middle    distance:    0.000275638565654

Scene    input    Cloud:    41637
Object    input    Cloud:    5774
Scene    keypoints:    1059
Object    keypoints:    111
Scene    Features:    1059
Object    Features:    111
Correspondences:    6
Filtered    Correspondences:    4
Transform    matrix:
-0.453152269124985    -0.788281798362732    -0.416250914335251    -0.219949126243591
-0.501513779163361    -0.160600006580353        0.850112676620483        0.037689454853535
-0.736978232860565        0.593986034393311    -0.322557955980301        1.155779719352722
    0.000000000000000        0.000000000000000        0.000000000000000        1.000000000000000
----------------------------------------

Keypoints    Radius:    0.020000000000000
Descriptor    Radius:    0.080000000000000
Inlier    Threshold:    0.080000000000000
Middle    distance:    0.000326765497448

Scene    input    Cloud:    41637
Object    input    Cloud:    5774
Scene    keypoints:    1059
Object    keypoints:    111
Scene    Features:    1059
Object    Features:    111
Correspondences:    6
Filtered    Correspondences:    4
Transform    matrix:
-0.377141267061234        0.599295139312744    -0.706123113632202    -0.209487989544868
-0.704482674598694        0.309304893016815        0.638775885105133        0.029612863436341
    0.601222574710846        0.738360226154327        0.305541396141052        1.145939946174622
    0.000000000000000        0.000000000000000        0.000000000000000        1.000000000000000
----------------------------------------

Keypoints    Radius:    0.020000000000000
Descriptor    Radius:    0.080000000000000
Inlier    Threshold:    0.100000000000000
Middle    distance:    0.000326765497448

Scene    input    Cloud:    41637
Object    input    Cloud:    5774
Scene    keypoints:    1059
Object    keypoints:    111
Scene    Features:    1059
Object    Features:    111
Correspondences:    6
Filtered    Correspondences:    4
Transform    matrix:
-0.377141267061234        0.599295139312744    -0.706123113632202    -0.209487989544868
-0.704482674598694        0.309304893016815        0.638775885105133        0.029612863436341
    0.601222574710846        0.738360226154327        0.305541396141052        1.145939946174622
    0.000000000000000        0.000000000000000        0.000000000000000        1.000000000000000
----------------------------------------

Keypoints    Radius:    0.020000000000000
Descriptor    Radius:    0.100000000000000
Inlier    Threshold:    0.020000000000000
Middle    distance:    10000.000000000000000

Scene    input    Cloud:    41637
Object    input    Cloud:    5774
Scene    keypoints:    1059
Object    keypoints:    111
Scene    Features:    1059
Object    Features:    111
Correspondences:    5
Filtered    Correspondences:    5
Transform    matrix:
1.000000000000000    0.000000000000000    0.000000000000000    0.000000000000000
0.000000000000000    1.000000000000000    0.000000000000000    0.000000000000000
0.000000000000000    0.000000000000000    1.000000000000000    0.000000000000000
0.000000000000000    0.000000000000000    0.000000000000000    1.000000000000000
----------------------------------------

Keypoints    Radius:    0.020000000000000
Descriptor    Radius:    0.100000000000000
Inlier    Threshold:    0.040000000000000
Middle    distance:    0.000467197765829

Scene    input    Cloud:    41637
Object    input    Cloud:    5774
Scene    keypoints:    1059
Object    keypoints:    111
Scene    Features:    1059
Object    Features:    111
Correspondences:    5
Filtered    Correspondences:    3
Transform    matrix:
-0.470928311347961    -0.155477061867714        0.868362486362457        0.286238968372345
    0.535509824752808        0.731852173805237        0.421451807022095        0.193177402019501
-0.701039075851440        0.663490235805511    -0.261390417814255        1.104915380477905
    0.000000000000000        0.000000000000000        0.000000000000000        1.000000000000000
----------------------------------------

Keypoints    Radius:    0.020000000000000
Descriptor    Radius:    0.100000000000000
Inlier    Threshold:    0.060000000000000
Middle    distance:    0.000489810889121

Scene    input    Cloud:    41637
Object    input    Cloud:    5774
Scene    keypoints:    1059
Object    keypoints:    111
Scene    Features:    1059
Object    Features:    111
Correspondences:    5
Filtered    Correspondences:    4
Transform    matrix:
-0.344534754753113    -0.106467962265015        0.932716667652130        0.293101102113724
    0.642136275768280        0.698032975196838        0.316876947879791        0.182970404624939
-0.684804201126099        0.708106338977814    -0.172129660844803        1.113559007644653
    0.000000000000000        0.000000000000000        0.000000000000000        1.000000000000000
----------------------------------------

Keypoints    Radius:    0.020000000000000
Descriptor    Radius:    0.100000000000000
Inlier    Threshold:    0.080000000000000
Middle    distance:    0.000489810889121

Scene    input    Cloud:    41637
Object    input    Cloud:    5774
Scene    keypoints:    1059
Object    keypoints:    111
Scene    Features:    1059
Object    Features:    111
Correspondences:    5
Filtered    Correspondences:    4
Transform    matrix:
-0.344534754753113    -0.106467962265015        0.932716667652130        0.293101102113724
    0.642136275768280        0.698032975196838        0.316876947879791        0.182970404624939
-0.684804201126099        0.708106338977814    -0.172129660844803        1.113559007644653
    0.000000000000000        0.000000000000000        0.000000000000000        1.000000000000000
----------------------------------------

Keypoints    Radius:    0.020000000000000
Descriptor    Radius:    0.100000000000000
Inlier    Threshold:    0.100000000000000
Middle    distance:    0.000489810889121

Scene    input    Cloud:    41637
Object    input    Cloud:    5774
Scene    keypoints:    1059
Object    keypoints:    111
Scene    Features:    1059
Object    Features:    111
Correspondences:    5
Filtered    Correspondences:    4
Transform    matrix:
-0.344534754753113    -0.106467962265015        0.932716667652130        0.293101102113724
    0.642136275768280        0.698032975196838        0.316876947879791        0.182970404624939
-0.684804201126099        0.708106338977814    -0.172129660844803        1.113559007644653
    0.000000000000000        0.000000000000000        0.000000000000000        1.000000000000000
----------------------------------------

Keypoints    Radius:    0.040000000000000
Descriptor    Radius:    0.020000000000000
Inlier    Threshold:    0.020000000000000
Middle    distance:    0.000018442940927

Scene    input    Cloud:    41637
Object    input    Cloud:    5774
Scene    keypoints:    1059
Object    keypoints:    111
Scene    Features:    1059
Object    Features:    111
Correspondences:    43
Filtered    Correspondences:    11
Transform    matrix:
    0.846781075000763        0.529890656471252    -0.046665828675032    -0.228875845670700
-0.308033406734467        0.559980094432831        0.769114851951599        0.022539621219039
    0.433678746223450    -0.636897265911102        0.637404561042786        1.128600001335144
    0.000000000000000        0.000000000000000        0.000000000000000        1.000000000000000
----------------------------------------

Keypoints    Radius:    0.040000000000000
Descriptor    Radius:    0.020000000000000
Inlier    Threshold:    0.040000000000000
Middle    distance:    0.000018442940927

Scene    input    Cloud:    41637
Object    input    Cloud:    5774
Scene    keypoints:    1059
Object    keypoints:    111
Scene    Features:    1059
Object    Features:    111
Correspondences:    43
Filtered    Correspondences:    12
Transform    matrix:
    0.846781075000763        0.529890656471252    -0.046665828675032    -0.228875845670700
-0.308033406734467        0.559980094432831        0.769114851951599        0.022539621219039
    0.433678746223450    -0.636897265911102        0.637404561042786        1.128600001335144
    0.000000000000000        0.000000000000000        0.000000000000000        1.000000000000000
----------------------------------------

Keypoints    Radius:    0.040000000000000
Descriptor    Radius:    0.020000000000000
Inlier    Threshold:    0.060000000000000
Middle    distance:    0.000337218254572

Scene    input    Cloud:    41637
Object    input    Cloud:    5774
Scene    keypoints:    1059
Object    keypoints:    111
Scene    Features:    1059
Object    Features:    111
Correspondences:    43
Filtered    Correspondences:    14
Transform    matrix:
    0.770857632160187        0.246839568018913    -0.587238252162933    -0.223558187484741
-0.341203391551971        0.938470602035522    -0.053415384143591        0.046054247766733
    0.537920773029327        0.241543337702751        0.807649672031403        1.123036623001099
    0.000000000000000        0.000000000000000        0.000000000000000        1.000000000000000
----------------------------------------

Keypoints    Radius:    0.040000000000000
Descriptor    Radius:    0.020000000000000
Inlier    Threshold:    0.080000000000000
Middle    distance:    0.000359341880539

Scene    input    Cloud:    41637
Object    input    Cloud:    5774
Scene    keypoints:    1059
Object    keypoints:    111
Scene    Features:    1059
Object    Features:    111
Correspondences:    43
Filtered    Correspondences:    17
Transform    matrix:
    0.585782945156097        0.571932554244995    -0.574239909648895    -0.228861421346664
-0.566224098205566        0.795735239982605        0.214931905269623        0.060541700571775
    0.579869508743286        0.199245005846024        0.789970159530640        1.157492160797119
    0.000000000000000        0.000000000000000        0.000000000000000        1.000000000000000
----------------------------------------

Keypoints    Radius:    0.040000000000000
Descriptor    Radius:    0.020000000000000
Inlier    Threshold:    0.100000000000000
Middle    distance:    0.000359341880539

Scene    input    Cloud:    41637
Object    input    Cloud:    5774
Scene    keypoints:    1059
Object    keypoints:    111
Scene    Features:    1059
Object    Features:    111
Correspondences:    43
Filtered    Correspondences:    19
Transform    matrix:
    0.585782945156097        0.571932554244995    -0.574239909648895    -0.228861421346664
-0.566224098205566        0.795735239982605        0.214931905269623        0.060541700571775
    0.579869508743286        0.199245005846024        0.789970159530640        1.157492160797119
    0.000000000000000        0.000000000000000        0.000000000000000        1.000000000000000
----------------------------------------

Keypoints    Radius:    0.040000000000000
Descriptor    Radius:    0.040000000000000
Inlier    Threshold:    0.020000000000000
Middle    distance:    0.000375497707864

Scene    input    Cloud:    41637
Object    input    Cloud:    5774
Scene    keypoints:    1059
Object    keypoints:    111
Scene    Features:    1059
Object    Features:    111
Correspondences:    11
Filtered    Correspondences:    3
Transform    matrix:
    0.025941414758563    -0.890512585639954    -0.454218417406082    -0.224089875817299
    0.341133803129196        0.434982717037201    -0.833317339420319    -0.002727996092290
    0.939656734466553    -0.133331820368767        0.315068006515503        1.113961100578308
    0.000000000000000        0.000000000000000        0.000000000000000        1.000000000000000
----------------------------------------

Keypoints    Radius:    0.040000000000000
Descriptor    Radius:    0.040000000000000
Inlier    Threshold:    0.040000000000000
Middle    distance:    0.000385257852031

Scene    input    Cloud:    41637
Object    input    Cloud:    5774
Scene    keypoints:    1059
Object    keypoints:    111
Scene    Features:    1059
Object    Features:    111
Correspondences:    11
Filtered    Correspondences:    4
Transform    matrix:
-0.327014803886414        0.080766707658768    -0.941561520099640    -0.205220088362694
    0.078503459692001        0.995219111442566        0.058104306459427        0.011957940645516
    0.941752910614014    -0.054914865642786    -0.331791847944260        1.115273356437683
    0.000000000000000        0.000000000000000        0.000000000000000        1.000000000000000
----------------------------------------

Keypoints    Radius:    0.040000000000000
Descriptor    Radius:    0.040000000000000
Inlier    Threshold:    0.060000000000000
Middle    distance:    0.000397757597966

Scene    input    Cloud:    41637
Object    input    Cloud:    5774
Scene    keypoints:    1059
Object    keypoints:    111
Scene    Features:    1059
Object    Features:    111
Correspondences:    11
Filtered    Correspondences:    6
Transform    matrix:
-0.374704748392105        0.073812000453472    -0.924201369285583    -0.187705695629120
-0.283736974000931        0.939869701862335        0.190100640058517        0.011336858384311
    0.882660567760468        0.333461731672287    -0.331230431795120        1.122796297073364
    0.000000000000000        0.000000000000000        0.000000000000000        1.000000000000000
----------------------------------------

Keypoints    Radius:    0.040000000000000
Descriptor    Radius:    0.040000000000000
Inlier    Threshold:    0.080000000000000
Middle    distance:    0.000385257852031

Scene    input    Cloud:    41637
Object    input    Cloud:    5774
Scene    keypoints:    1059
Object    keypoints:    111
Scene    Features:    1059
Object    Features:    111
Correspondences:    11
Filtered    Correspondences:    7
Transform    matrix:
-0.327014803886414        0.080766707658768    -0.941561520099640    -0.205220088362694
    0.078503459692001        0.995219111442566        0.058104306459427        0.011957940645516
    0.941752910614014    -0.054914865642786    -0.331791847944260        1.115273356437683
    0.000000000000000        0.000000000000000        0.000000000000000        1.000000000000000
----------------------------------------

Keypoints    Radius:    0.040000000000000
Descriptor    Radius:    0.040000000000000
Inlier    Threshold:    0.100000000000000
Middle    distance:    0.000353039737092

Scene    input    Cloud:    41637
Object    input    Cloud:    5774
Scene    keypoints:    1059
Object    keypoints:    111
Scene    Features:    1059
Object    Features:    111
Correspondences:    11
Filtered    Correspondences:    8
Transform    matrix:
-0.783964335918427        0.008103330619633        0.620752990245819    -0.229454040527344
-0.317843198776245    -0.864160478115082    -0.390131264925003        0.028399337083101
    0.533268809318542    -0.503151118755341        0.680046558380127        1.135742783546448
    0.000000000000000        0.000000000000000        0.000000000000000        1.000000000000000
----------------------------------------

Keypoints    Radius:    0.040000000000000
Descriptor    Radius:    0.060000000000000
Inlier    Threshold:    0.020000000000000
Middle    distance:    0.000122767742141

Scene    input    Cloud:    41637
Object    input    Cloud:    5774
Scene    keypoints:    1059
Object    keypoints:    111
Scene    Features:    1059
Object    Features:    111
Correspondences:    11
Filtered    Correspondences:    6
Transform    matrix:
    0.940932393074036        0.338126480579376        0.017797246575356    -0.231110513210297
-0.203418686985970        0.522486805915833        0.828026831150055        0.025370214134455
    0.270678967237473    -0.782737493515015        0.560405969619751        1.122222542762756
    0.000000000000000        0.000000000000000        0.000000000000000        1.000000000000000
----------------------------------------

Keypoints    Radius:    0.040000000000000
Descriptor    Radius:    0.060000000000000
Inlier    Threshold:    0.040000000000000
Middle    distance:    0.000218909088289

Scene    input    Cloud:    41637
Object    input    Cloud:    5774
Scene    keypoints:    1059
Object    keypoints:    111
Scene    Features:    1059
Object    Features:    111
Correspondences:    11
Filtered    Correspondences:    7
Transform    matrix:
    0.514921545982361        0.846109271049500        0.137676775455475    -0.242403626441956
-0.622792661190033        0.258879512548447        0.738316118717194        0.007686167024076
    0.589054465293884    -0.465918958187103        0.660253286361694        1.130276679992676
    0.000000000000000        0.000000000000000        0.000000000000000        1.000000000000000
----------------------------------------

Keypoints    Radius:    0.040000000000000
Descriptor    Radius:    0.060000000000000
Inlier    Threshold:    0.060000000000000
Middle    distance:    0.000218909088289

Scene    input    Cloud:    41637
Object    input    Cloud:    5774
Scene    keypoints:    1059
Object    keypoints:    111
Scene    Features:    1059
Object    Features:    111
Correspondences:    11
Filtered    Correspondences:    7
Transform    matrix:
    0.514921545982361        0.846109271049500        0.137676775455475    -0.242403626441956
-0.622792661190033        0.258879512548447        0.738316118717194        0.007686167024076
    0.589054465293884    -0.465918958187103        0.660253286361694        1.130276679992676
    0.000000000000000        0.000000000000000        0.000000000000000        1.000000000000000
----------------------------------------

Keypoints    Radius:    0.040000000000000
Descriptor    Radius:    0.060000000000000
Inlier    Threshold:    0.080000000000000
Middle    distance:    0.000122767742141

Scene    input    Cloud:    41637
Object    input    Cloud:    5774
Scene    keypoints:    1059
Object    keypoints:    111
Scene    Features:    1059
Object    Features:    111
Correspondences:    11
Filtered    Correspondences:    8
Transform    matrix:
    0.940932393074036        0.338126480579376        0.017797246575356    -0.231110513210297
-0.203418686985970        0.522486805915833        0.828026831150055        0.025370214134455
    0.270678967237473    -0.782737493515015        0.560405969619751        1.122222542762756
    0.000000000000000        0.000000000000000        0.000000000000000        1.000000000000000
----------------------------------------

Keypoints    Radius:    0.040000000000000
Descriptor    Radius:    0.060000000000000
Inlier    Threshold:    0.100000000000000
Middle    distance:    0.000122767742141

Scene    input    Cloud:    41637
Object    input    Cloud:    5774
Scene    keypoints:    1059
Object    keypoints:    111
Scene    Features:    1059
Object    Features:    111
Correspondences:    11
Filtered    Correspondences:    8
Transform    matrix:
    0.940932393074036        0.338126480579376        0.017797246575356    -0.231110513210297
-0.203418686985970        0.522486805915833        0.828026831150055        0.025370214134455
    0.270678967237473    -0.782737493515015        0.560405969619751        1.122222542762756
    0.000000000000000        0.000000000000000        0.000000000000000        1.000000000000000
----------------------------------------

Keypoints    Radius:    0.040000000000000
Descriptor    Radius:    0.080000000000000
Inlier    Threshold:    0.020000000000000
Middle    distance:    10000.000000000000000

Scene    input    Cloud:    41637
Object    input    Cloud:    5774
Scene    keypoints:    1059
Object    keypoints:    111
Scene    Features:    1059
Object    Features:    111
Correspondences:    6
Filtered    Correspondences:    6
Transform    matrix:
1.000000000000000    0.000000000000000    0.000000000000000    0.000000000000000
0.000000000000000    1.000000000000000    0.000000000000000    0.000000000000000
0.000000000000000    0.000000000000000    1.000000000000000    0.000000000000000
0.000000000000000    0.000000000000000    0.000000000000000    1.000000000000000
----------------------------------------

Keypoints    Radius:    0.040000000000000
Descriptor    Radius:    0.080000000000000
Inlier    Threshold:    0.040000000000000
Middle    distance:    0.000326765497448

Scene    input    Cloud:    41637
Object    input    Cloud:    5774
Scene    keypoints:    1059
Object    keypoints:    111
Scene    Features:    1059
Object    Features:    111
Correspondences:    6
Filtered    Correspondences:    3
Transform    matrix:
-0.377141267061234        0.599295139312744    -0.706123113632202    -0.209487989544868
-0.704482674598694        0.309304893016815        0.638775885105133        0.029612863436341
    0.601222574710846        0.738360226154327        0.305541396141052        1.145939946174622
    0.000000000000000        0.000000000000000        0.000000000000000        1.000000000000000
----------------------------------------

Keypoints    Radius:    0.040000000000000
Descriptor    Radius:    0.080000000000000
Inlier    Threshold:    0.060000000000000
Middle    distance:    0.000275638565654

Scene    input    Cloud:    41637
Object    input    Cloud:    5774
Scene    keypoints:    1059
Object    keypoints:    111
Scene    Features:    1059
Object    Features:    111
Correspondences:    6
Filtered    Correspondences:    4
Transform    matrix:
-0.453152269124985    -0.788281798362732    -0.416250914335251    -0.219949126243591
-0.501513779163361    -0.160600006580353        0.850112676620483        0.037689454853535
-0.736978232860565        0.593986034393311    -0.322557955980301        1.155779719352722
    0.000000000000000        0.000000000000000        0.000000000000000        1.000000000000000
----------------------------------------

Keypoints    Radius:    0.040000000000000
Descriptor    Radius:    0.080000000000000
Inlier    Threshold:    0.080000000000000
Middle    distance:    0.000326765497448

Scene    input    Cloud:    41637
Object    input    Cloud:    5774
Scene    keypoints:    1059
Object    keypoints:    111
Scene    Features:    1059
Object    Features:    111
Correspondences:    6
Filtered    Correspondences:    4
Transform    matrix:
-0.377141267061234        0.599295139312744    -0.706123113632202    -0.209487989544868
-0.704482674598694        0.309304893016815        0.638775885105133        0.029612863436341
    0.601222574710846        0.738360226154327        0.305541396141052        1.145939946174622
    0.000000000000000        0.000000000000000        0.000000000000000        1.000000000000000
----------------------------------------

Keypoints    Radius:    0.040000000000000
Descriptor    Radius:    0.080000000000000
Inlier    Threshold:    0.100000000000000
Middle    distance:    0.000326765497448

Scene    input    Cloud:    41637
Object    input    Cloud:    5774
Scene    keypoints:    1059
Object    keypoints:    111
Scene    Features:    1059
Object    Features:    111
Correspondences:    6
Filtered    Correspondences:    4
Transform    matrix:
-0.377141267061234        0.599295139312744    -0.706123113632202    -0.209487989544868
-0.704482674598694        0.309304893016815        0.638775885105133        0.029612863436341
    0.601222574710846        0.738360226154327        0.305541396141052        1.145939946174622
    0.000000000000000        0.000000000000000        0.000000000000000        1.000000000000000
----------------------------------------

Keypoints    Radius:    0.040000000000000
Descriptor    Radius:    0.100000000000000
Inlier    Threshold:    0.020000000000000
Middle    distance:    10000.000000000000000

Scene    input    Cloud:    41637
Object    input    Cloud:    5774
Scene    keypoints:    1059
Object    keypoints:    111
Scene    Features:    1059
Object    Features:    111
Correspondences:    5
Filtered    Correspondences:    5
Transform    matrix:
1.000000000000000    0.000000000000000    0.000000000000000    0.000000000000000
0.000000000000000    1.000000000000000    0.000000000000000    0.000000000000000
0.000000000000000    0.000000000000000    1.000000000000000    0.000000000000000
0.000000000000000    0.000000000000000    0.000000000000000    1.000000000000000
----------------------------------------

Keypoints    Radius:    0.040000000000000
Descriptor    Radius:    0.100000000000000
Inlier    Threshold:    0.040000000000000
Middle    distance:    0.000467197765829

Scene    input    Cloud:    41637
Object    input    Cloud:    5774
Scene    keypoints:    1059
Object    keypoints:    111
Scene    Features:    1059
Object    Features:    111
Correspondences:    5
Filtered    Correspondences:    3
Transform    matrix:
-0.470928311347961    -0.155477061867714        0.868362486362457        0.286238968372345
    0.535509824752808        0.731852173805237        0.421451807022095        0.193177402019501
-0.701039075851440        0.663490235805511    -0.261390417814255        1.104915380477905
    0.000000000000000        0.000000000000000        0.000000000000000        1.000000000000000
----------------------------------------

Keypoints    Radius:    0.040000000000000
Descriptor    Radius:    0.100000000000000
Inlier    Threshold:    0.060000000000000
Middle    distance:    0.000489810889121

Scene    input    Cloud:    41637
Object    input    Cloud:    5774
Scene    keypoints:    1059
Object    keypoints:    111
Scene    Features:    1059
Object    Features:    111
Correspondences:    5
Filtered    Correspondences:    4
Transform    matrix:
-0.344534754753113    -0.106467962265015        0.932716667652130        0.293101102113724
