Features    Descriptor:    SHOT
Keypoints    Extractor:    iss

Keypoints    Radius:    0.020000
Descriptor    Radius:    0.020000
Inlier    Threshold:    0.020000
Middle    distance:    -nan

Scene    input    Cloud:    41637
Object    input    Cloud:    620
Scene    keypoints:    1059
Object    keypoints:    11
Scene    Features:    1059
Object    Features:    11
Correspondences:    10
Filtered    Correspondences:    10
Transform    matrix:
1.000000000000000    0.000000000000000    0.000000000000000    0.000000000000000
0.000000000000000    1.000000000000000    0.000000000000000    0.000000000000000
0.000000000000000    0.000000000000000    1.000000000000000    0.000000000000000
0.000000000000000    0.000000000000000    0.000000000000000    1.000000000000000
----------------------------------------

Keypoints    Radius:    0.020000000000000
Descriptor    Radius:    0.020000000000000
Inlier    Threshold:    0.040000000000000
Middle    distance:    -nan

Scene    input    Cloud:    41637
Object    input    Cloud:    620
Scene    keypoints:    1059
Object    keypoints:    11
Scene    Features:    1059
Object    Features:    11
Correspondences:    10
Filtered    Correspondences:    10
Transform    matrix:
1.000000000000000    0.000000000000000    0.000000000000000    0.000000000000000
0.000000000000000    1.000000000000000    0.000000000000000    0.000000000000000
0.000000000000000    0.000000000000000    1.000000000000000    0.000000000000000
0.000000000000000    0.000000000000000    0.000000000000000    1.000000000000000
----------------------------------------

Keypoints    Radius:    0.020000000000000
Descriptor    Radius:    0.020000000000000
Inlier    Threshold:    0.060000000000000
Middle    distance:    -nan

Scene    input    Cloud:    41637
Object    input    Cloud:    620
Scene    keypoints:    1059
Object    keypoints:    11
Scene    Features:    1059
Object    Features:    11
Correspondences:    10
Filtered    Correspondences:    10
Transform    matrix:
1.000000000000000    0.000000000000000    0.000000000000000    0.000000000000000
0.000000000000000    1.000000000000000    0.000000000000000    0.000000000000000
0.000000000000000    0.000000000000000    1.000000000000000    0.000000000000000
0.000000000000000    0.000000000000000    0.000000000000000    1.000000000000000
----------------------------------------

Keypoints    Radius:    0.020000000000000
Descriptor    Radius:    0.020000000000000
Inlier    Threshold:    0.080000000000000
Middle    distance:    0.001331516541541

Scene    input    Cloud:    41637
Object    input    Cloud:    620
Scene    keypoints:    1059
Object    keypoints:    11
Scene    Features:    1059
Object    Features:    11
Correspondences:    10
Filtered    Correspondences:    3
Transform    matrix:
-0.697501718997955    -0.482574492692947        0.529729366302490        0.286387622356415
-0.630042254924774        0.765168428421021    -0.132529512047768        0.164256989955902
-0.341376811265945    -0.426191449165344    -0.837748587131500        1.058320641517639
    0.000000000000000        0.000000000000000        0.000000000000000        1.000000000000000
----------------------------------------

Keypoints    Radius:    0.020000000000000
Descriptor    Radius:    0.020000000000000
Inlier    Threshold:    0.100000000000000
Middle    distance:    0.002186437835917

Scene    input    Cloud:    41637
Object    input    Cloud:    620
Scene    keypoints:    1059
Object    keypoints:    11
Scene    Features:    1059
Object    Features:    11
Correspondences:    10
Filtered    Correspondences:    3
Transform    matrix:
-0.509619176387787    -0.860124170780182    -0.021787239238620        0.281527131795883
    0.303036063909531    -0.203131854534149        0.931078195571899        0.252164632081985
-0.805268526077271        0.467893004417419        0.364168524742126        1.075723290443420
    0.000000000000000        0.000000000000000        0.000000000000000        1.000000000000000
----------------------------------------

Keypoints    Radius:    0.020000000000000
Descriptor    Radius:    0.040000000000000
Inlier    Threshold:    0.020000000000000
Middle    distance:    -nan

Scene    input    Cloud:    41637
Object    input    Cloud:    620
Scene    keypoints:    1059
Object    keypoints:    11
Scene    Features:    1059
Object    Features:    11
Correspondences:    8
Filtered    Correspondences:    8
Transform    matrix:
1.000000000000000    0.000000000000000    0.000000000000000    0.000000000000000
0.000000000000000    1.000000000000000    0.000000000000000    0.000000000000000
0.000000000000000    0.000000000000000    1.000000000000000    0.000000000000000
0.000000000000000    0.000000000000000    0.000000000000000    1.000000000000000
----------------------------------------

Keypoints    Radius:    0.020000000000000
Descriptor    Radius:    0.040000000000000
Inlier    Threshold:    0.040000000000000
Middle    distance:    -nan

Scene    input    Cloud:    41637
Object    input    Cloud:    620
Scene    keypoints:    1059
Object    keypoints:    11
Scene    Features:    1059
Object    Features:    11
Correspondences:    8
Filtered    Correspondences:    8
Transform    matrix:
1.000000000000000    0.000000000000000    0.000000000000000    0.000000000000000
0.000000000000000    1.000000000000000    0.000000000000000    0.000000000000000
0.000000000000000    0.000000000000000    1.000000000000000    0.000000000000000
0.000000000000000    0.000000000000000    0.000000000000000    1.000000000000000
----------------------------------------

Keypoints    Radius:    0.020000000000000
Descriptor    Radius:    0.040000000000000
Inlier    Threshold:    0.060000000000000
Middle    distance:    -nan

Scene    input    Cloud:    41637
Object    input    Cloud:    620
Scene    keypoints:    1059
Object    keypoints:    11
Scene    Features:    1059
Object    Features:    11
Correspondences:    8
Filtered    Correspondences:    8
Transform    matrix:
1.000000000000000    0.000000000000000    0.000000000000000    0.000000000000000
0.000000000000000    1.000000000000000    0.000000000000000    0.000000000000000
0.000000000000000    0.000000000000000    1.000000000000000    0.000000000000000
0.000000000000000    0.000000000000000    0.000000000000000    1.000000000000000
----------------------------------------

Keypoints    Radius:    0.020000000000000
Descriptor    Radius:    0.040000000000000
Inlier    Threshold:    0.080000000000000
Middle    distance:    -nan

Scene    input    Cloud:    41637
Object    input    Cloud:    620
Scene    keypoints:    1059
Object    keypoints:    11
Scene    Features:    1059
Object    Features:    11
Correspondences:    8
Filtered    Correspondences:    8
Transform    matrix:
1.000000000000000    0.000000000000000    0.000000000000000    0.000000000000000
0.000000000000000    1.000000000000000    0.000000000000000    0.000000000000000
0.000000000000000    0.000000000000000    1.000000000000000    0.000000000000000
0.000000000000000    0.000000000000000    0.000000000000000    1.000000000000000
----------------------------------------

Keypoints    Radius:    0.020000000000000
Descriptor    Radius:    0.040000000000000
Inlier    Threshold:    0.100000000000000
Middle    distance:    0.000719561066944

Scene    input    Cloud:    41637
Object    input    Cloud:    620
Scene    keypoints:    1059
Object    keypoints:    11
Scene    Features:    1059
Object    Features:    11
Correspondences:    8
Filtered    Correspondences:    3
Transform    matrix:
-0.302272558212280    -0.827963173389435    -0.472343444824219    -0.215228319168091
-0.818356752395630    -0.028691478073597        0.573993921279907        0.054287329316139
-0.488798052072525        0.560048043727875    -0.668896615505219        1.157292008399963
    0.000000000000000        0.000000000000000        0.000000000000000        1.000000000000000
----------------------------------------

Keypoints    Radius:    0.020000000000000
Descriptor    Radius:    0.060000000000000
Inlier    Threshold:    0.020000000000000
Middle    distance:    -nan

Scene    input    Cloud:    41637
Object    input    Cloud:    620
Scene    keypoints:    1059
Object    keypoints:    11
Scene    Features:    1059
Object    Features:    11
Correspondences:    5
Filtered    Correspondences:    5
Transform    matrix:
1.000000000000000    0.000000000000000    0.000000000000000    0.000000000000000
0.000000000000000    1.000000000000000    0.000000000000000    0.000000000000000
0.000000000000000    0.000000000000000    1.000000000000000    0.000000000000000
0.000000000000000    0.000000000000000    0.000000000000000    1.000000000000000
----------------------------------------

Keypoints    Radius:    0.020000000000000
Descriptor    Radius:    0.060000000000000
Inlier    Threshold:    0.040000000000000
Middle    distance:    -nan

Scene    input    Cloud:    41637
Object    input    Cloud:    620
Scene    keypoints:    1059
Object    keypoints:    11
Scene    Features:    1059
Object    Features:    11
Correspondences:    5
Filtered    Correspondences:    5
Transform    matrix:
1.000000000000000    0.000000000000000    0.000000000000000    0.000000000000000
0.000000000000000    1.000000000000000    0.000000000000000    0.000000000000000
0.000000000000000    0.000000000000000    1.000000000000000    0.000000000000000
0.000000000000000    0.000000000000000    0.000000000000000    1.000000000000000
----------------------------------------

Keypoints    Radius:    0.020000000000000
Descriptor    Radius:    0.060000000000000
Inlier    Threshold:    0.060000000000000
Middle    distance:    -nan

Scene    input    Cloud:    41637
Object    input    Cloud:    620
Scene    keypoints:    1059
Object    keypoints:    11
Scene    Features:    1059
Object    Features:    11
Correspondences:    5
Filtered    Correspondences:    5
Transform    matrix:
1.000000000000000    0.000000000000000    0.000000000000000    0.000000000000000
0.000000000000000    1.000000000000000    0.000000000000000    0.000000000000000
0.000000000000000    0.000000000000000    1.000000000000000    0.000000000000000
0.000000000000000    0.000000000000000    0.000000000000000    1.000000000000000
----------------------------------------

Keypoints    Radius:    0.020000000000000
Descriptor    Radius:    0.060000000000000
Inlier    Threshold:    0.080000000000000
Middle    distance:    -nan

Scene    input    Cloud:    41637
Object    input    Cloud:    620
Scene    keypoints:    1059
Object    keypoints:    11
Scene    Features:    1059
Object    Features:    11
Correspondences:    5
Filtered    Correspondences:    5
Transform    matrix:
1.000000000000000    0.000000000000000    0.000000000000000    0.000000000000000
0.000000000000000    1.000000000000000    0.000000000000000    0.000000000000000
0.000000000000000    0.000000000000000    1.000000000000000    0.000000000000000
0.000000000000000    0.000000000000000    0.000000000000000    1.000000000000000
----------------------------------------

Keypoints    Radius:    0.020000000000000
Descriptor    Radius:    0.060000000000000
Inlier    Threshold:    0.100000000000000
Middle    distance:    -nan

Scene    input    Cloud:    41637
Object    input    Cloud:    620
Scene    keypoints:    1059
Object    keypoints:    11
Scene    Features:    1059
Object    Features:    11
Correspondences:    5
Filtered    Correspondences:    5
Transform    matrix:
1.000000000000000    0.000000000000000    0.000000000000000    0.000000000000000
0.000000000000000    1.000000000000000    0.000000000000000    0.000000000000000
0.000000000000000    0.000000000000000    1.000000000000000    0.000000000000000
0.000000000000000    0.000000000000000    0.000000000000000    1.000000000000000
----------------------------------------

Keypoints    Radius:    0.020000000000000
Descriptor    Radius:    0.080000000000000
Inlier    Threshold:    0.020000000000000
Middle    distance:    0.000642148195766

Scene    input    Cloud:    41637
Object    input    Cloud:    620
Scene    keypoints:    1059
Object    keypoints:    11
Scene    Features:    1059
Object    Features:    11
Correspondences:    6
Filtered    Correspondences:    4
Transform    matrix:
    0.055146917700768        0.800315916538239    -0.597037076950073    -0.109669856727123
-0.841218233108521    -0.284871190786362    -0.459565281867981        0.128579393029213
-0.537876069545746        0.527582108974457        0.657530546188354        1.065952301025391
    0.000000000000000        0.000000000000000        0.000000000000000        1.000000000000000
----------------------------------------

Keypoints    Radius:    0.020000000000000
Descriptor    Radius:    0.080000000000000
Inlier    Threshold:    0.040000000000000
Middle    distance:    0.000642148195766

Scene    input    Cloud:    41637
Object    input    Cloud:    620
Scene    keypoints:    1059
Object    keypoints:    11
Scene    Features:    1059
Object    Features:    11
Correspondences:    6
Filtered    Correspondences:    4
Transform    matrix:
    0.055146917700768        0.800315916538239    -0.597037076950073    -0.109669856727123
-0.841218233108521    -0.284871190786362    -0.459565281867981        0.128579393029213
-0.537876069545746        0.527582108974457        0.657530546188354        1.065952301025391
    0.000000000000000        0.000000000000000        0.000000000000000        1.000000000000000
----------------------------------------

Keypoints    Radius:    0.020000000000000
Descriptor    Radius:    0.080000000000000
Inlier    Threshold:    0.060000000000000
Middle    distance:    0.000642148195766

Scene    input    Cloud:    41637
Object    input    Cloud:    620
Scene    keypoints:    1059
Object    keypoints:    11
Scene    Features:    1059
Object    Features:    11
Correspondences:    6
Filtered    Correspondences:    4
Transform    matrix:
    0.055146917700768        0.800315916538239    -0.597037076950073    -0.109669856727123
-0.841218233108521    -0.284871190786362    -0.459565281867981        0.128579393029213
-0.537876069545746        0.527582108974457        0.657530546188354        1.065952301025391
    0.000000000000000        0.000000000000000        0.000000000000000        1.000000000000000
----------------------------------------

Keypoints    Radius:    0.020000000000000
Descriptor    Radius:    0.080000000000000
Inlier    Threshold:    0.080000000000000
Middle    distance:    0.000642148195766

Scene    input    Cloud:    41637
Object    input    Cloud:    620
Scene    keypoints:    1059
Object    keypoints:    11
Scene    Features:    1059
Object    Features:    11
Correspondences:    6
Filtered    Correspondences:    4
Transform    matrix:
    0.055146917700768        0.800315916538239    -0.597037076950073    -0.109669856727123
-0.841218233108521    -0.284871190786362    -0.459565281867981        0.128579393029213
-0.537876069545746        0.527582108974457        0.657530546188354        1.065952301025391
    0.000000000000000        0.000000000000000        0.000000000000000        1.000000000000000
----------------------------------------

Keypoints    Radius:    0.020000000000000
Descriptor    Radius:    0.080000000000000
Inlier    Threshold:    0.100000000000000
Middle    distance:    0.000642148195766

Scene    input    Cloud:    41637
Object    input    Cloud:    620
Scene    keypoints:    1059
Object    keypoints:    11
Scene    Features:    1059
Object    Features:    11
Correspondences:    6
Filtered    Correspondences:    4
Transform    matrix:
    0.055146917700768        0.800315916538239    -0.597037076950073    -0.109669856727123
-0.841218233108521    -0.284871190786362    -0.459565281867981        0.128579393029213
-0.537876069545746        0.527582108974457        0.657530546188354        1.065952301025391
    0.000000000000000        0.000000000000000        0.000000000000000        1.000000000000000
----------------------------------------

Keypoints    Radius:    0.020000000000000
Descriptor    Radius:    0.100000000000000
Inlier    Threshold:    0.020000000000000
Middle    distance:    -nan

Scene    input    Cloud:    41637
Object    input    Cloud:    620
Scene    keypoints:    1059
Object    keypoints:    11
Scene    Features:    1059
Object    Features:    11
Correspondences:    5
Filtered    Correspondences:    5
Transform    matrix:
1.000000000000000    0.000000000000000    0.000000000000000    0.000000000000000
0.000000000000000    1.000000000000000    0.000000000000000    0.000000000000000
0.000000000000000    0.000000000000000    1.000000000000000    0.000000000000000
0.000000000000000    0.000000000000000    0.000000000000000    1.000000000000000
----------------------------------------

Keypoints    Radius:    0.020000000000000
Descriptor    Radius:    0.100000000000000
Inlier    Threshold:    0.040000000000000
Middle    distance:    -nan

Scene    input    Cloud:    41637
Object    input    Cloud:    620
Scene    keypoints:    1059
Object    keypoints:    11
Scene    Features:    1059
Object    Features:    11
Correspondences:    5
Filtered    Correspondences:    5
Transform    matrix:
1.000000000000000    0.000000000000000    0.000000000000000    0.000000000000000
0.000000000000000    1.000000000000000    0.000000000000000    0.000000000000000
0.000000000000000    0.000000000000000    1.000000000000000    0.000000000000000
0.000000000000000    0.000000000000000    0.000000000000000    1.000000000000000
----------------------------------------

Keypoints    Radius:    0.020000000000000
Descriptor    Radius:    0.100000000000000
Inlier    Threshold:    0.060000000000000
Middle    distance:    -nan

Scene    input    Cloud:    41637
Object    input    Cloud:    620
Scene    keypoints:    1059
Object    keypoints:    11
Scene    Features:    1059
Object    Features:    11
Correspondences:    5
Filtered    Correspondences:    5
Transform    matrix:
1.000000000000000    0.000000000000000    0.000000000000000    0.000000000000000
0.000000000000000    1.000000000000000    0.000000000000000    0.000000000000000
0.000000000000000    0.000000000000000    1.000000000000000    0.000000000000000
0.000000000000000    0.000000000000000    0.000000000000000    1.000000000000000
----------------------------------------

Keypoints    Radius:    0.020000000000000
Descriptor    Radius:    0.100000000000000
Inlier    Threshold:    0.080000000000000
Middle    distance:    -nan

Scene    input    Cloud:    41637
Object    input    Cloud:    620
Scene    keypoints:    1059
Object    keypoints:    11
Scene    Features:    1059
Object    Features:    11
Correspondences:    5
Filtered    Correspondences:    5
Transform    matrix:
1.000000000000000    0.000000000000000    0.000000000000000    0.000000000000000
0.000000000000000    1.000000000000000    0.000000000000000    0.000000000000000
0.000000000000000    0.000000000000000    1.000000000000000    0.000000000000000
0.000000000000000    0.000000000000000    0.000000000000000    1.000000000000000
----------------------------------------

Keypoints    Radius:    0.020000000000000
Descriptor    Radius:    0.100000000000000
Inlier    Threshold:    0.100000000000000
Middle    distance:    -nan

Scene    input    Cloud:    41637
Object    input    Cloud:    620
Scene    keypoints:    1059
Object    keypoints:    11
Scene    Features:    1059
Object    Features:    11
Correspondences:    5
Filtered    Correspondences:    5
Transform    matrix:
1.000000000000000    0.000000000000000    0.000000000000000    0.000000000000000
0.000000000000000    1.000000000000000    0.000000000000000    0.000000000000000
0.000000000000000    0.000000000000000    1.000000000000000    0.000000000000000
0.000000000000000    0.000000000000000    0.000000000000000    1.000000000000000
----------------------------------------

Keypoints    Radius:    0.040000000000000
Descriptor    Radius:    0.020000000000000
Inlier    Threshold:    0.020000000000000
Middle    distance:    -nan

Scene    input    Cloud:    41637
Object    input    Cloud:    620
Scene    keypoints:    1059
Object    keypoints:    11
Scene    Features:    1059
Object    Features:    11
Correspondences:    10
Filtered    Correspondences:    10
Transform    matrix:
1.000000000000000    0.000000000000000    0.000000000000000    0.000000000000000
0.000000000000000    1.000000000000000    0.000000000000000    0.000000000000000
0.000000000000000    0.000000000000000    1.000000000000000    0.000000000000000
0.000000000000000    0.000000000000000    0.000000000000000    1.000000000000000
----------------------------------------

Keypoints    Radius:    0.040000000000000
Descriptor    Radius:    0.020000000000000
Inlier    Threshold:    0.040000000000000
Middle    distance:    -nan

Scene    input    Cloud:    41637
Object    input    Cloud:    620
Scene    keypoints:    1059
Object    keypoints:    11
Scene    Features:    1059
Object    Features:    11
Correspondences:    10
Filtered    Correspondences:    10
Transform    matrix:
1.000000000000000    0.000000000000000    0.000000000000000    0.000000000000000
0.000000000000000    1.000000000000000    0.000000000000000    0.000000000000000
0.000000000000000    0.000000000000000    1.000000000000000    0.000000000000000
0.000000000000000    0.000000000000000    0.000000000000000    1.000000000000000
----------------------------------------

Keypoints    Radius:    0.040000000000000
Descriptor    Radius:    0.020000000000000
Inlier    Threshold:    0.060000000000000
Middle    distance:    -nan

Scene    input    Cloud:    41637
Object    input    Cloud:    620
Scene    keypoints:    1059
Object    keypoints:    11
Scene    Features:    1059
Object    Features:    11
Correspondences:    10
Filtered    Correspondences:    10
Transform    matrix:
1.000000000000000    0.000000000000000    0.000000000000000    0.000000000000000
0.000000000000000    1.000000000000000    0.000000000000000    0.000000000000000
0.000000000000000    0.000000000000000    1.000000000000000    0.000000000000000
0.000000000000000    0.000000000000000    0.000000000000000    1.000000000000000
----------------------------------------

Keypoints    Radius:    0.040000000000000
Descriptor    Radius:    0.020000000000000
Inlier    Threshold:    0.080000000000000
Middle    distance:    0.001331516541541

Scene    input    Cloud:    41637
Object    input    Cloud:    620
Scene    keypoints:    1059
Object    keypoints:    11
Scene    Features:    1059
Object    Features:    11
Correspondences:    10
Filtered    Correspondences:    3
Transform    matrix:
-0.697501718997955    -0.482574492692947        0.529729366302490        0.286387622356415
-0.630042254924774        0.765168428421021    -0.132529512047768        0.164256989955902
-0.341376811265945    -0.426191449165344    -0.837748587131500        1.058320641517639
    0.000000000000000        0.000000000000000        0.000000000000000        1.000000000000000
----------------------------------------

Keypoints    Radius:    0.040000000000000
Descriptor    Radius:    0.020000000000000
Inlier    Threshold:    0.100000000000000
Middle    distance:    0.002186437835917

Scene    input    Cloud:    41637
Object    input    Cloud:    620
Scene    keypoints:    1059
Object    keypoints:    11
Scene    Features:    1059
Object    Features:    11
Correspondences:    10
Filtered    Correspondences:    3
Transform    matrix:
-0.509619176387787    -0.860124170780182    -0.021787239238620        0.281527131795883
    0.303036063909531    -0.203131854534149        0.931078195571899        0.252164632081985
-0.805268526077271        0.467893004417419        0.364168524742126        1.075723290443420
    0.000000000000000        0.000000000000000        0.000000000000000        1.000000000000000
----------------------------------------

Keypoints    Radius:    0.040000000000000
Descriptor    Radius:    0.040000000000000
Inlier    Threshold:    0.020000000000000
Middle    distance:    -nan

Scene    input    Cloud:    41637
Object    input    Cloud:    620
Scene    keypoints:    1059
Object    keypoints:    11
Scene    Features:    1059
Object    Features:    11
Correspondences:    8
Filtered    Correspondences:    8
Transform    matrix:
1.000000000000000    0.000000000000000    0.000000000000000    0.000000000000000
0.000000000000000    1.000000000000000    0.000000000000000    0.000000000000000
0.000000000000000    0.000000000000000    1.000000000000000    0.000000000000000
0.000000000000000    0.000000000000000    0.000000000000000    1.000000000000000
----------------------------------------

Keypoints    Radius:    0.040000000000000
Descriptor    Radius:    0.040000000000000
Inlier    Threshold:    0.040000000000000
Middle    distance:    -nan

Scene    input    Cloud:    41637
Object    input    Cloud:    620
Scene    keypoints:    1059
Object    keypoints:    11
Scene    Features:    1059
Object    Features:    11
Correspondences:    8
Filtered    Correspondences:    8
Transform    matrix:
1.000000000000000    0.000000000000000    0.000000000000000    0.000000000000000
0.000000000000000    1.000000000000000    0.000000000000000    0.000000000000000
0.000000000000000    0.000000000000000    1.000000000000000    0.000000000000000
0.000000000000000    0.000000000000000    0.000000000000000    1.000000000000000
----------------------------------------

Keypoints    Radius:    0.040000000000000
Descriptor    Radius:    0.040000000000000
Inlier    Threshold:    0.060000000000000
Middle    distance:    -nan

Scene    input    Cloud:    41637
Object    input    Cloud:    620
Scene    keypoints:    1059
Object    keypoints:    11
Scene    Features:    1059
Object    Features:    11
Correspondences:    8
Filtered    Correspondences:    8
Transform    matrix:
1.000000000000000    0.000000000000000    0.000000000000000    0.000000000000000
0.000000000000000    1.000000000000000    0.000000000000000    0.000000000000000
0.000000000000000    0.000000000000000    1.000000000000000    0.000000000000000
0.000000000000000    0.000000000000000    0.000000000000000    1.000000000000000
----------------------------------------

Keypoints    Radius:    0.040000000000000
Descriptor    Radius:    0.040000000000000
Inlier    Threshold:    0.080000000000000
Middle    distance:    -nan

Scene    input    Cloud:    41637
Object    input    Cloud:    620
Scene    keypoints:    1059
Object    keypoints:    11
Scene    Features:    1059
Object    Features:    11
Correspondences:    8
Filtered    Correspondences:    8
Transform    matrix:
1.000000000000000    0.000000000000000    0.000000000000000    0.000000000000000
0.000000000000000    1.000000000000000    0.000000000000000    0.000000000000000
0.000000000000000    0.000000000000000    1.000000000000000    0.000000000000000
0.000000000000000    0.000000000000000    0.000000000000000    1.000000000000000
----------------------------------------

Keypoints    Radius:    0.040000000000000
Descriptor    Radius:    0.040000000000000
Inlier    Threshold:    0.100000000000000
Middle    distance:    0.000719561066944

Scene    input    Cloud:    41637
Object    input    Cloud:    620
Scene    keypoints:    1059
Object    keypoints:    11
Scene    Features:    1059
Object    Features:    11
Correspondences:    8
Filtered    Correspondences:    3
Transform    matrix:
-0.302272558212280    -0.827963173389435    -0.472343444824219    -0.215228319168091
-0.818356752395630    -0.028691478073597        0.573993921279907        0.054287329316139
-0.488798052072525        0.560048043727875    -0.668896615505219        1.157292008399963
    0.000000000000000        0.000000000000000        0.000000000000000        1.000000000000000
----------------------------------------

Keypoints    Radius:    0.040000000000000
Descriptor    Radius:    0.060000000000000
Inlier    Threshold:    0.020000000000000
Middle    distance:    -nan

Scene    input    Cloud:    41637
Object    input    Cloud:    620
Scene    keypoints:    1059
Object    keypoints:    11
Scene    Features:    1059
Object    Features:    11
Correspondences:    5
Filtered    Correspondences:    5
Transform    matrix:
1.000000000000000    0.000000000000000    0.000000000000000    0.000000000000000
0.000000000000000    1.000000000000000    0.000000000000000    0.000000000000000
0.000000000000000    0.000000000000000    1.000000000000000    0.000000000000000
0.000000000000000    0.000000000000000    0.000000000000000    1.000000000000000
----------------------------------------

Keypoints    Radius:    0.040000000000000
Descriptor    Radius:    0.060000000000000
Inlier    Threshold:    0.040000000000000
Middle    distance:    -nan

Scene    input    Cloud:    41637
Object    input    Cloud:    620
Scene    keypoints:    1059
Object    keypoints:    11
Scene    Features:    1059
Object    Features:    11
Correspondences:    5
Filtered    Correspondences:    5
Transform    matrix:
1.000000000000000    0.000000000000000    0.000000000000000    0.000000000000000
0.000000000000000    1.000000000000000    0.000000000000000    0.000000000000000
0.000000000000000    0.000000000000000    1.000000000000000    0.000000000000000
0.000000000000000    0.000000000000000    0.000000000000000    1.000000000000000
----------------------------------------

Keypoints    Radius:    0.040000000000000
Descriptor    Radius:    0.060000000000000
Inlier    Threshold:    0.060000000000000
Middle    distance:    -nan

Scene    input    Cloud:    41637
Object    input    Cloud:    620
Scene    keypoints:    1059
Object    keypoints:    11
Scene    Features:    1059
Object    Features:    11
Correspondences:    5
Filtered    Correspondences:    5
Transform    matrix:
1.000000000000000    0.000000000000000    0.000000000000000    0.000000000000000
0.000000000000000    1.000000000000000    0.000000000000000    0.000000000000000
0.000000000000000    0.000000000000000    1.000000000000000    0.000000000000000
0.000000000000000    0.000000000000000    0.000000000000000    1.000000000000000
----------------------------------------

Keypoints    Radius:    0.040000000000000
Descriptor    Radius:    0.060000000000000
Inlier    Threshold:    0.080000000000000
Middle    distance:    -nan

Scene    input    Cloud:    41637
Object    input    Cloud:    620
Scene    keypoints:    1059
Object    keypoints:    11
Scene    Features:    1059
Object    Features:    11
Correspondences:    5
Filtered    Correspondences:    5
Transform    matrix:
1.000000000000000    0.000000000000000    0.000000000000000    0.000000000000000
0.000000000000000    1.000000000000000    0.000000000000000    0.000000000000000
0.000000000000000    0.000000000000000    1.000000000000000    0.000000000000000
0.000000000000000    0.000000000000000    0.000000000000000    1.000000000000000
----------------------------------------

Keypoints    Radius:    0.040000000000000
Descriptor    Radius:    0.060000000000000
Inlier    Threshold:    0.100000000000000
Middle    distance:    -nan

Scene    input    Cloud:    41637
Object    input    Cloud:    620
Scene    keypoints:    1059
Object    keypoints:    11
Scene    Features:    1059
Object    Features:    11
Correspondences:    5
Filtered    Correspondences:    5
Transform    matrix:
1.000000000000000    0.000000000000000    0.000000000000000    0.000000000000000
0.000000000000000    1.000000000000000    0.000000000000000    0.000000000000000
0.000000000000000    0.000000000000000    1.000000000000000    0.000000000000000
0.000000000000000    0.000000000000000    0.000000000000000    1.000000000000000
----------------------------------------

Keypoints    Radius:    0.040000000000000
Descriptor    Radius:    0.080000000000000
Inlier    Threshold:    0.020000000000000
Middle    distance:    0.000642148195766

Scene    input    Cloud:    41637
Object    input    Cloud:    620
Scene    keypoints:    1059
Object    keypoints:    11
Scene    Features:    1059
Object    Features:    11
Correspondences:    6
Filtered    Correspondences:    4
Transform    matrix:
    0.055146917700768        0.800315916538239    -0.597037076950073    -0.109669856727123
-0.841218233108521    -0.284871190786362    -0.459565281867981        0.128579393029213
-0.537876069545746        0.527582108974457        0.657530546188354        1.065952301025391
    0.000000000000000        0.000000000000000        0.000000000000000        1.000000000000000
----------------------------------------

Keypoints    Radius:    0.040000000000000
Descriptor    Radius:    0.080000000000000
Inlier    Threshold:    0.040000000000000
Middle    distance:    0.000642148195766

Scene    input    Cloud:    41637
Object    input    Cloud:    620
Scene    keypoints:    1059
Object    keypoints:    11
Scene    Features:    1059
Object    Features:    11
Correspondences:    6
Filtered    Correspondences:    4
Transform    matrix:
    0.055146917700768        0.800315916538239    -0.597037076950073    -0.109669856727123
-0.841218233108521    -0.284871190786362    -0.459565281867981        0.128579393029213
-0.537876069545746        0.527582108974457        0.657530546188354        1.065952301025391
    0.000000000000000        0.000000000000000        0.000000000000000        1.000000000000000
----------------------------------------

Keypoints    Radius:    0.040000000000000
Descriptor    Radius:    0.080000000000000
Inlier    Threshold:    0.060000000000000
Middle    distance:    0.000642148195766

Scene    input    Cloud:    41637
Object    input    Cloud:    620
Scene    keypoints:    1059
Object    keypoints:    11
Scene    Features:    1059
Object    Features:    11
Correspondences:    6
Filtered    Correspondences:    4
Transform    matrix:
    0.055146917700768        0.800315916538239    -0.597037076950073    -0.109669856727123
-0.841218233108521    -0.284871190786362    -0.459565281867981        0.128579393029213
-0.537876069545746        0.527582108974457        0.657530546188354        1.065952301025391
    0.000000000000000        0.000000000000000        0.000000000000000        1.000000000000000
----------------------------------------

Keypoints    Radius:    0.040000000000000
Descriptor    Radius:    0.080000000000000
Inlier    Threshold:    0.080000000000000
Middle    distance:    0.000642148195766

Scene    input    Cloud:    41637
Object    input    Cloud:    620
Scene    keypoints:    1059
Object    keypoints:    11
Scene    Features:    1059
Object    Features:    11
Correspondences:    6
Filtered    Correspondences:    4
Transform    matrix:
    0.055146917700768        0.800315916538239    -0.597037076950073    -0.109669856727123
-0.841218233108521    -0.284871190786362    -0.459565281867981        0.128579393029213
-0.537876069545746        0.527582108974457        0.657530546188354        1.065952301025391
    0.000000000000000        0.000000000000000        0.000000000000000        1.000000000000000
----------------------------------------

Keypoints    Radius:    0.040000000000000
Descriptor    Radius:    0.080000000000000
Inlier    Threshold:    0.100000000000000
Middle    distance:    0.000642148195766

Scene    input    Cloud:    41637
Object    input    Cloud:    620
Scene    keypoints:    1059
Object    keypoints:    11
Scene    Features:    1059
Object    Features:    11
Correspondences:    6
Filtered    Correspondences:    4
Transform    matrix:
    0.055146917700768        0.800315916538239    -0.597037076950073    -0.109669856727123
-0.841218233108521    -0.284871190786362    -0.459565281867981        0.128579393029213
-0.537876069545746        0.527582108974457        0.657530546188354        1.065952301025391
    0.000000000000000        0.000000000000000        0.000000000000000        1.000000000000000
----------------------------------------

Keypoints    Radius:    0.040000000000000
Descriptor    Radius:    0.100000000000000
Inlier    Threshold:    0.020000000000000
Middle    distance:    -nan

Scene    input    Cloud:    41637
Object    input    Cloud:    620
Scene    keypoints:    1059
Object    keypoints:    11
Scene    Features:    1059
Object    Features:    11
Correspondences:    5
Filtered    Correspondences:    5
Transform    matrix:
1.000000000000000    0.000000000000000    0.000000000000000    0.000000000000000
0.000000000000000    1.000000000000000    0.000000000000000    0.000000000000000
0.000000000000000    0.000000000000000    1.000000000000000    0.000000000000000
0.000000000000000    0.000000000000000    0.000000000000000    1.000000000000000
----------------------------------------

Keypoints    Radius:    0.040000000000000
Descriptor    Radius:    0.100000000000000
Inlier    Threshold:    0.040000000000000
Middle    distance:    -nan

Scene    input    Cloud:    41637
Object    input    Cloud:    620
Scene    keypoints:    1059
Object    keypoints:    11
Scene    Features:    1059
Object    Features:    11
Correspondences:    5
Filtered    Correspondences:    5
Transform    matrix:
1.000000000000000    0.000000000000000    0.000000000000000    0.000000000000000
0.000000000000000    1.000000000000000    0.000000000000000    0.000000000000000
0.000000000000000    0.000000000000000    1.000000000000000    0.000000000000000
0.000000000000000    0.000000000000000    0.000000000000000    1.000000000000000
----------------------------------------

Keypoints    Radius:    0.040000000000000
Descriptor    Radius:    0.100000000000000
Inlier    Threshold:    0.060000000000000
Middle    distance:    -nan

Scene    input    Cloud:    41637
Object    input    Cloud:    620
Scene    keypoints:    1059
Object    keypoints:    11
Scene    Features:    1059
Object    Features:    11
Correspondences:    5
Filtered    Correspondences:    5
Transform    matrix:
1.000000000000000    0.000000000000000    0.000000000000000    0.000000000000000
0.000000000000000    1.000000000000000    0.000000000000000    0.000000000000000
0.000000000000000    0.000000000000000    1.000000000000000    0.000000000000000
0.000000000000000    0.000000000000000    0.000000000000000    1.000000000000000
----------------------------------------

Keypoints    Radius:    0.040000000000000
Descriptor    Radius:    0.100000000000000
Inlier    Threshold:    0.080000000000000
Middle    distance:    -nan

Scene    input    Cloud:    41637
Object    input    Cloud:    620
Scene    keypoints:    1059
Object    keypoints:    11
Scene    Features:    1059
Object    Features:    11
Correspondences:    5
Filtered    Correspondences:    5
Transform    matrix:
1.000000000000000    0.000000000000000    0.000000000000000    0.000000000000000
0.000000000000000    1.000000000000000    0.000000000000000    0.000000000000000
0.000000000000000    0.000000000000000    1.000000000000000    0.000000000000000
0.000000000000000    0.000000000000000    0.000000000000000    1.000000000000000
----------------------------------------

Keypoints    Radius:    0.040000000000000
Descriptor    Radius:    0.100000000000000
Inlier    Threshold:    0.100000000000000
Middle    distance:    -nan

Scene    input    Cloud:    41637
Object    input    Cloud:    620
Scene    keypoints:    1059
Object    keypoints:    11
Scene    Features:    1059
Object    Features:    11
Correspondences:    5
Filtered    Correspondences:    5
Transform    matrix:
1.000000000000000    0.000000000000000    0.000000000000000    0.000000000000000
0.000000000000000    1.000000000000000    0.000000000000000    0.000000000000000
0.000000000000000    0.000000000000000    1.000000000000000    0.000000000000000
0.000000000000000    0.000000000000000    0.000000000000000    1.000000000000000
----------------------------------------

Keypoints    Radius:    0.060000000000000
Descriptor    Radius:    0.020000000000000
Inlier    Threshold:    0.020000000000000
Middle    distance:    -nan

Scene    input    Cloud:    41637
Object    input    Cloud:    620
Scene    keypoints:    1059
Object    keypoints:    11
Scene    Features:    1059
