Features Descriptor: SHOT
Keypoints Extractor: iss

Keypoints Radius: 0.020000
Descriptor Radius: 0.020000
Inlier Threshold: 0.020000
Middle distance: 0.000018442937289

Scene input Cloud: 41637
Object input Cloud: 5774
Scene keypoints: 1059
Object keypoints: 111
Scene Features: 1059
Object Features: 111
Correspondences: 56
Filtered Correspondences: 15
Transform matrix:
 0.846781075000763  0.529890656471252 -0.046665847301483 -0.228875845670700
-0.308033376932144  0.559980154037476  0.769114851951599  0.022539621219039
 0.433678686618805 -0.636897265911102  0.637404620647430  1.128600001335144
 0.000000000000000  0.000000000000000  0.000000000000000  1.000000000000000
----------------------------------------

Keypoints Radius: 0.020000000000000
Descriptor Radius: 0.020000000000000
Inlier Threshold: 0.040000000000000
Middle distance: 0.000141441181768

Scene input Cloud: 41637
Object input Cloud: 5774
Scene keypoints: 1059
Object keypoints: 111
Scene Features: 1059
Object Features: 111
Correspondences: 56
Filtered Correspondences: 17
Transform matrix:
 0.828606009483337  0.506870388984680 -0.237685814499855 -0.210716962814331
-0.205401226878166  0.670210540294647  0.713181734085083  0.021800164133310
 0.520790219306946 -0.542125701904297  0.659452259540558  1.133857011795044
 0.000000000000000  0.000000000000000  0.000000000000000  1.000000000000000
----------------------------------------

Keypoints Radius: 0.020000000000000
Descriptor Radius: 0.020000000000000
Inlier Threshold: 0.060000000000000
Middle distance: 0.000170487619471

Scene input Cloud: 41637
Object input Cloud: 5774
Scene keypoints: 1059
Object keypoints: 111
Scene Features: 1059
Object Features: 111
Correspondences: 56
Filtered Correspondences: 18
Transform matrix:
 0.838921010494232  0.486346453428268 -0.244292154908180 -0.207758128643036
-0.098705656826496  0.577372729778290  0.810492396354675  0.017555084079504
 0.535227715969086 -0.655826091766357  0.532375276088715  1.135618329048157
 0.000000000000000  0.000000000000000  0.000000000000000  1.000000000000000
----------------------------------------

Keypoints Radius: 0.020000000000000
Descriptor Radius: 0.020000000000000
Inlier Threshold: 0.080000000000000
Middle distance: 0.000170487619471

Scene input Cloud: 41637
Object input Cloud: 5774
Scene keypoints: 1059
Object keypoints: 111
Scene Features: 1059
Object Features: 111
Correspondences: 56
Filtered Correspondences: 19
Transform matrix:
 0.838921010494232  0.486346453428268 -0.244292154908180 -0.207758128643036
-0.098705656826496  0.577372729778290  0.810492396354675  0.017555084079504
 0.535227715969086 -0.655826091766357  0.532375276088715  1.135618329048157
 0.000000000000000  0.000000000000000  0.000000000000000  1.000000000000000
----------------------------------------

Keypoints Radius: 0.020000000000000
Descriptor Radius: 0.020000000000000
Inlier Threshold: 0.100000000000000
Middle distance: 0.000380864687031

Scene input Cloud: 41637
Object input Cloud: 5774
Scene keypoints: 1059
Object keypoints: 111
Scene Features: 1059
Object Features: 111
Correspondences: 56
Filtered Correspondences: 21
Transform matrix:
 0.971126258373260  0.044632509350777 -0.234353959560394 -0.221386611461639
-0.197094157338142  0.703586220741272 -0.682730019092560  0.054966676980257
 0.134416267275810  0.709206879138947  0.692067861557007  1.162437677383423
 0.000000000000000  0.000000000000000  0.000000000000000  1.000000000000000
----------------------------------------

Keypoints Radius: 0.020000000000000
Descriptor Radius: 0.040000000000000
Inlier Threshold: 0.020000000000000
Middle distance: 0.000018442937289

Scene input Cloud: 41637
Object input Cloud: 5774
Scene keypoints: 1059
Object keypoints: 111
Scene Features: 1059
Object Features: 111
Correspondences: 49
Filtered Correspondences: 12
Transform matrix:
 0.846781075000763  0.529890656471252 -0.046665851026773 -0.228875845670700
-0.308033406734467  0.559980154037476  0.769114851951599  0.022539621219039
 0.433678716421127 -0.636897265911102  0.637404620647430  1.128600001335144
 0.000000000000000  0.000000000000000  0.000000000000000  1.000000000000000
----------------------------------------

Keypoints Radius: 0.020000000000000
Descriptor Radius: 0.040000000000000
Inlier Threshold: 0.040000000000000
Middle distance: 0.000018442937289

Scene input Cloud: 41637
Object input Cloud: 5774
Scene keypoints: 1059
Object keypoints: 111
Scene Features: 1059
Object Features: 111
Correspondences: 49
Filtered Correspondences: 12
Transform matrix:
 0.846781075000763  0.529890656471252 -0.046665851026773 -0.228875845670700
-0.308033406734467  0.559980154037476  0.769114851951599  0.022539621219039
 0.433678716421127 -0.636897265911102  0.637404620647430  1.128600001335144
 0.000000000000000  0.000000000000000  0.000000000000000  1.000000000000000
----------------------------------------

Keypoints Radius: 0.020000000000000
Descriptor Radius: 0.040000000000000
Inlier Threshold: 0.060000000000000
Middle distance: 0.000326571258483

Scene input Cloud: 41637
Object input Cloud: 5774
Scene keypoints: 1059
Object keypoints: 111
Scene Features: 1059
Object Features: 111
Correspondences: 49
Filtered Correspondences: 14
Transform matrix:
 0.831438183784485  0.554904520511627 -0.028134651482105 -0.227133736014366
-0.524627983570099  0.800732612609863  0.289124071598053  0.026284465566278
 0.182964578270912 -0.225628569722176  0.956878125667572  1.150517463684082
 0.000000000000000  0.000000000000000  0.000000000000000  1.000000000000000
----------------------------------------

Keypoints Radius: 0.020000000000000
Descriptor Radius: 0.040000000000000
Inlier Threshold: 0.080000000000000
Middle distance: 0.000326571258483

Scene input Cloud: 41637
Object input Cloud: 5774
Scene keypoints: 1059
Object keypoints: 111
Scene Features: 1059
Object Features: 111
Correspondences: 49
Filtered Correspondences: 16
Transform matrix:
 0.831438183784485  0.554904520511627 -0.028134651482105 -0.227133736014366
-0.524627983570099  0.800732612609863  0.289124071598053  0.026284465566278
 0.182964578270912 -0.225628569722176  0.956878125667572  1.150517463684082
 0.000000000000000  0.000000000000000  0.000000000000000  1.000000000000000
----------------------------------------

Keypoints Radius: 0.020000000000000
Descriptor Radius: 0.040000000000000
Inlier Threshold: 0.100000000000000
Middle distance: 0.000417070114054

Scene input Cloud: 41637
Object input Cloud: 5774
Scene keypoints: 1059
Object keypoints: 111
Scene Features: 1059
Object Features: 111
Correspondences: 49
Filtered Correspondences: 18
Transform matrix:
 0.264004319906235 -0.963732421398163 -0.039006415754557 -0.191573351621628
 0.109324701130390  0.070079952478409 -0.991532623767853  0.007130012847483
 0.958305716514587  0.257504522800446  0.123861171305180  1.103734612464905
 0.000000000000000  0.000000000000000  0.000000000000000  1.000000000000000
----------------------------------------

Keypoints Radius: 0.020000000000000
Descriptor Radius: 0.060000000000000
Inlier Threshold: 0.020000000000000
Middle distance: 0.000163607663126

Scene input Cloud: 41637
Object input Cloud: 5774
Scene keypoints: 1059
Object keypoints: 111
Scene Features: 1059
Object Features: 111
Correspondences: 48
Filtered Correspondences: 5
Transform matrix:
 0.861315190792084  0.441616624593735  0.251218885183334 -0.231930151581764
-0.449076324701309  0.430467575788498  0.782961130142212  0.025181327015162
 0.237627059221268 -0.787192761898041  0.569087803363800  1.138819217681885
 0.000000000000000  0.000000000000000  0.000000000000000  1.000000000000000
----------------------------------------

Keypoints Radius: 0.020000000000000
Descriptor Radius: 0.060000000000000
Inlier Threshold: 0.040000000000000
Middle distance: 0.000254618993495

Scene input Cloud: 41637
Object input Cloud: 5774
Scene keypoints: 1059
Object keypoints: 111
Scene Features: 1059
Object Features: 111
Correspondences: 48
Filtered Correspondences: 7
Transform matrix:
 0.855435192584991  0.517771124839783  0.011989125050604 -0.222629114985466
-0.238265559077263  0.372885435819626  0.896764159202576  0.014716987498105
 0.459848016500473 -0.769980192184448  0.442346364259720  1.151593089103699
 0.000000000000000  0.000000000000000  0.000000000000000  1.000000000000000
----------------------------------------

Keypoints Radius: 0.020000000000000
Descriptor Radius: 0.060000000000000
Inlier Threshold: 0.060000000000000
Middle distance: 0.000205720163649

Scene input Cloud: 41637
Object input Cloud: 5774
Scene keypoints: 1059
Object keypoints: 111
Scene Features: 1059
Object Features: 111
Correspondences: 48
Filtered Correspondences: 9
Transform matrix:
 0.536054849624634  0.832920670509338 -0.137434810400009 -0.202868312597275
-0.503258824348450  0.446014612913132  0.740136146545410  0.018625456839800
 0.677772641181946 -0.327588289976120  0.658262968063354  1.126433491706848
 0.000000000000000  0.000000000000000  0.000000000000000  1.000000000000000
----------------------------------------

Keypoints Radius: 0.020000000000000
Descriptor Radius: 0.060000000000000
Inlier Threshold: 0.080000000000000
Middle distance: 0.000371344474843

Scene input Cloud: 41637
Object input Cloud: 5774
Scene keypoints: 1059
Object keypoints: 111
Scene Features: 1059
Object Features: 111
Correspondences: 48
Filtered Correspondences: 10
Transform matrix:
 0.752270817756653  0.054430529475212  0.656601846218109 -0.264739215373993
-0.514526486396790  0.671003043651581  0.533870279788971  0.068227805197239
-0.411522984504700 -0.739454030990601  0.532781958580017  1.138763666152954
 0.000000000000000  0.000000000000000  0.000000000000000  1.000000000000000
----------------------------------------

Keypoints Radius: 0.020000000000000
Descriptor Radius: 0.060000000000000
Inlier Threshold: 0.100000000000000
Middle distance: 0.000413815927459

Scene input Cloud: 41637
Object input Cloud: 5774
Scene keypoints: 1059
Object keypoints: 111
Scene Features: 1059
Object Features: 111
Correspondences: 48
Filtered Correspondences: 12
Transform matrix:
 0.758420050144196  0.645943760871887 -0.086923718452454 -0.272646725177765
-0.321870058774948  0.487163424491882  0.811832189559937  0.061565473675728
 0.566743969917297 -0.587731659412384  0.577384412288666  1.140365839004517
 0.000000000000000  0.000000000000000  0.000000000000000  1.000000000000000
----------------------------------------

Keypoints Radius: 0.020000000000000
Descriptor Radius: 0.080000000000000
Inlier Threshold: 0.020000000000000
Middle distance: 0.000151964995894

Scene input Cloud: 41637
Object input Cloud: 5774
Scene keypoints: 1059
Object keypoints: 111
Scene Features: 1059
Object Features: 111
Correspondences: 44
Filtered Correspondences: 7
Transform matrix:
 0.607910692691803  0.763585984706879 -0.217671751976013 -0.212819173932076
-0.406790465116501  0.534949243068695  0.740507125854492  0.018860353156924
 0.681884229183197 -0.361615419387817  0.635820865631104  1.130557060241699
 0.000000000000000  0.000000000000000  0.000000000000000  1.000000000000000
----------------------------------------

Keypoints Radius: 0.020000000000000
Descriptor Radius: 0.080000000000000
Inlier Threshold: 0.040000000000000
Middle distance: 0.000151964995894

Scene input Cloud: 41637
Object input Cloud: 5774
Scene keypoints: 1059
Object keypoints: 111
Scene Features: 1059
Object Features: 111
Correspondences: 44
Filtered Correspondences: 12
Transform matrix:
 0.607910692691803  0.763585984706879 -0.217671751976013 -0.212819173932076
-0.406790465116501  0.534949243068695  0.740507125854492  0.018860353156924
 0.681884229183197 -0.361615419387817  0.635820865631104  1.130557060241699
 0.000000000000000  0.000000000000000  0.000000000000000  1.000000000000000
----------------------------------------

Keypoints Radius: 0.020000000000000
Descriptor Radius: 0.080000000000000
Inlier Threshold: 0.060000000000000
Middle distance: 0.000117450057587

Scene input Cloud: 41637
Object input Cloud: 5774
Scene keypoints: 1059
Object keypoints: 111
Scene Features: 1059
Object Features: 111
Correspondences: 44
Filtered Correspondences: 13
Transform matrix:
 0.927037060260773  0.367692947387695  0.073513321578503 -0.241982102394104
-0.279016554355621  0.545450627803802  0.790337502956390  0.025946799665689
 0.250503659248352 -0.753183603286743  0.608245313167572  1.135801434516907
 0.000000000000000  0.000000000000000  0.000000000000000  1.000000000000000
----------------------------------------

Keypoints Radius: 0.020000000000000
Descriptor Radius: 0.080000000000000
Inlier Threshold: 0.080000000000000
Middle distance: 0.000303010776406

Scene input Cloud: 41637
Object input Cloud: 5774
Scene keypoints: 1059
Object keypoints: 111
Scene Features: 1059
Object Features: 111
Correspondences: 44
Filtered Correspondences: 15
Transform matrix:
 0.999969184398651 -0.004109659697860 -0.006685761734843 -0.242198616266251
 0.007438318338245  0.767932295799255  0.640487849712372  0.009562288410962
 0.002502025337890 -0.640517830848694  0.767939209938049  1.155159115791321
 0.000000000000000  0.000000000000000  0.000000000000000  1.000000000000000
----------------------------------------

Keypoints Radius: 0.020000000000000
Descriptor Radius: 0.080000000000000
Inlier Threshold: 0.100000000000000
Middle distance: 0.000303010776406

Scene input Cloud: 41637
Object input Cloud: 5774
Scene keypoints: 1059
Object keypoints: 111
Scene Features: 1059
Object Features: 111
Correspondences: 44
Filtered Correspondences: 15
Transform matrix:
 0.999969184398651 -0.004109659697860 -0.006685761734843 -0.242198616266251
 0.007438318338245  0.767932295799255  0.640487849712372  0.009562288410962
 0.002502025337890 -0.640517830848694  0.767939209938049  1.155159115791321
 0.000000000000000  0.000000000000000  0.000000000000000  1.000000000000000
----------------------------------------

Keypoints Radius: 0.020000000000000
Descriptor Radius: 0.100000000000000
Inlier Threshold: 0.020000000000000
Middle distance: 0.000373244081857

Scene input Cloud: 41637
Object input Cloud: 5774
Scene keypoints: 1059
Object keypoints: 111
Scene Features: 1059
Object Features: 111
Correspondences: 37
Filtered Correspondences: 3
Transform matrix:
-0.741387546062469 -0.642713725566864 -0.193037658929825  0.115486674010754
 0.613800287246704 -0.533165693283081 -0.582222938537598  0.373277604579926
 0.271281659603119 -0.550139427185059  0.789780259132385  1.144272208213806
 0.000000000000000  0.000000000000000  0.000000000000000  1.000000000000000
----------------------------------------

Keypoints Radius: 0.020000000000000
Descriptor Radius: 0.100000000000000
Inlier Threshold: 0.040000000000000
Middle distance: 0.000190449674847

Scene input Cloud: 41637
Object input Cloud: 5774
Scene keypoints: 1059
Object keypoints: 111
Scene Features: 1059
Object Features: 111
Correspondences: 37
Filtered Correspondences: 6
Transform matrix:
 0.794419825077057  0.606071472167969  0.039680212736130 -0.214341700077057
-0.384103357791901  0.450713872909546  0.805804967880249  0.044907011091709
 0.470490962266922 -0.655388712882996  0.590850114822388  1.120127320289612
 0.000000000000000  0.000000000000000  0.000000000000000  1.000000000000000
----------------------------------------

Keypoints Radius: 0.020000000000000
Descriptor Radius: 0.100000000000000
Inlier Threshold: 0.060000000000000
Middle distance: 0.000190449674847

Scene input Cloud: 41637
Object input Cloud: 5774
Scene keypoints: 1059
Object keypoints: 111
Scene Features: 1059
Object Features: 111
Correspondences: 37
Filtered Correspondences: 7
Transform matrix:
 0.794419825077057  0.606071472167969  0.039680212736130 -0.214341700077057
-0.384103357791901  0.450713872909546  0.805804967880249  0.044907011091709
 0.470490962266922 -0.655388712882996  0.590850114822388  1.120127320289612
 0.000000000000000  0.000000000000000  0.000000000000000  1.000000000000000
----------------------------------------

Keypoints Radius: 0.020000000000000
Descriptor Radius: 0.100000000000000
Inlier Threshold: 0.080000000000000
Middle distance: 0.000190449674847

Scene input Cloud: 41637
Object input Cloud: 5774
Scene keypoints: 1059
Object keypoints: 111
Scene Features: 1059
Object Features: 111
Correspondences: 37
Filtered Correspondences: 7
Transform matrix:
 0.794419825077057  0.606071472167969  0.039680212736130 -0.214341700077057
-0.384103357791901  0.450713872909546  0.805804967880249  0.044907011091709
 0.470490962266922 -0.655388712882996  0.590850114822388  1.120127320289612
 0.000000000000000  0.000000000000000  0.000000000000000  1.000000000000000
----------------------------------------

Keypoints Radius: 0.020000000000000
Descriptor Radius: 0.100000000000000
Inlier Threshold: 0.100000000000000
Middle distance: 0.000190449674847

Scene input Cloud: 41637
Object input Cloud: 5774
Scene keypoints: 1059
Object keypoints: 111
Scene Features: 1059
Object Features: 111
Correspondences: 37
Filtered Correspondences: 7
Transform matrix:
 0.794419825077057  0.606071472167969  0.039680212736130 -0.214341700077057
-0.384103357791901  0.450713872909546  0.805804967880249  0.044907011091709
 0.470490962266922 -0.655388712882996  0.590850114822388  1.120127320289612
 0.000000000000000  0.000000000000000  0.000000000000000  1.000000000000000
----------------------------------------

Keypoints Radius: 0.040000000000000
Descriptor Radius: 0.020000000000000
Inlier Threshold: 0.020000000000000
Middle distance: 0.000018442937289

Scene input Cloud: 41637
Object input Cloud: 5774
Scene keypoints: 1059
Object keypoints: 111
Scene Features: 1059
Object Features: 111
Correspondences: 56
Filtered Correspondences: 15
Transform matrix:
 0.846781075000763  0.529890656471252 -0.046665847301483 -0.228875845670700
-0.308033376932144  0.559980154037476  0.769114851951599  0.022539621219039
 0.433678686618805 -0.636897265911102  0.637404620647430  1.128600001335144
 0.000000000000000  0.000000000000000  0.000000000000000  1.000000000000000
----------------------------------------

Keypoints Radius: 0.040000000000000
Descriptor Radius: 0.020000000000000
Inlier Threshold: 0.040000000000000
Middle distance: 0.000141441181768

Scene input Cloud: 41637
Object input Cloud: 5774
Scene keypoints: 1059
Object keypoints: 111
Scene Features: 1059
Object Features: 111
Correspondences: 56
Filtered Correspondences: 17
Transform matrix:
 0.828606009483337  0.506870388984680 -0.237685814499855 -0.210716962814331
-0.205401226878166  0.670210540294647  0.713181734085083  0.021800164133310
 0.520790219306946 -0.542125701904297  0.659452259540558  1.133857011795044
 0.000000000000000  0.000000000000000  0.000000000000000  1.000000000000000
----------------------------------------

Keypoints Radius: 0.040000000000000
Descriptor Radius: 0.020000000000000
Inlier Threshold: 0.060000000000000
Middle distance: 0.000170487619471

Scene input Cloud: 41637
Object input Cloud: 5774
Scene keypoints: 1059
Object keypoints: 111
Scene Features: 1059
Object Features: 111
Correspondences: 56
Filtered Correspondences: 18
Transform matrix:
 0.838921010494232  0.486346453428268 -0.244292154908180 -0.207758128643036
-0.098705656826496  0.577372729778290  0.810492396354675  0.017555084079504
 0.535227715969086 -0.655826091766357  0.532375276088715  1.135618329048157
 0.000000000000000  0.000000000000000  0.000000000000000  1.000000000000000
----------------------------------------

Keypoints Radius: 0.040000000000000
Descriptor Radius: 0.020000000000000
Inlier Threshold: 0.080000000000000
Middle distance: 0.000170487619471

Scene input Cloud: 41637
Object input Cloud: 5774
Scene keypoints: 1059
Object keypoints: 111
Scene Features: 1059
Object Features: 111
Correspondences: 56
Filtered Correspondences: 19
Transform matrix:
 0.838921010494232  0.486346453428268 -0.244292154908180 -0.207758128643036
-0.098705656826496  0.577372729778290  0.810492396354675  0.017555084079504
 0.535227715969086 -0.655826091766357  0.532375276088715  1.135618329048157
 0.000000000000000  0.000000000000000  0.000000000000000  1.000000000000000
----------------------------------------

Keypoints Radius: 0.040000000000000
Descriptor Radius: 0.020000000000000
Inlier Threshold: 0.100000000000000
Middle distance: 0.000380864687031

Scene input Cloud: 41637
Object input Cloud: 5774
Scene keypoints: 1059
Object keypoints: 111
Scene Features: 1059
Object Features: 111
Correspondences: 56
Filtered Correspondences: 21
Transform matrix:
 0.971126258373260  0.044632509350777 -0.234353959560394 -0.221386611461639
-0.197094157338142  0.703586220741272 -0.682730019092560  0.054966676980257
 0.134416267275810  0.709206879138947  0.692067861557007  1.162437677383423
 0.000000000000000  0.000000000000000  0.000000000000000  1.000000000000000
----------------------------------------

Keypoints Radius: 0.040000000000000
Descriptor Radius: 0.040000000000000
Inlier Threshold: 0.020000000000000
Middle distance: 0.000018442937289

Scene input Cloud: 41637
Object input Cloud: 5774
Scene keypoints: 1059
Object keypoints: 111
Scene Features: 1059
Object Features: 111
Correspondences: 49
Filtered Correspondences: 12
Transform matrix:
 0.846781075000763  0.529890656471252 -0.046665851026773 -0.228875845670700
-0.308033406734467  0.559980154037476  0.769114851951599  0.022539621219039
 0.433678716421127 -0.636897265911102  0.637404620647430  1.128600001335144
 0.000000000000000  0.000000000000000  0.000000000000000  1.000000000000000
----------------------------------------

Keypoints Radius: 0.040000000000000
Descriptor Radius: 0.040000000000000
Inlier Threshold: 0.040000000000000
Middle distance: 0.000018442937289

Scene input Cloud: 41637
Object input Cloud: 5774
Scene keypoints: 1059
Object keypoints: 111
Scene Features: 1059
Object Features: 111
Correspondences: 49
Filtered Correspondences: 12
Transform matrix:
 0.846781075000763  0.529890656471252 -0.046665851026773 -0.228875845670700
-0.308033406734467  0.559980154037476  0.769114851951599  0.022539621219039
 0.433678716421127 -0.636897265911102  0.637404620647430  1.128600001335144
 0.000000000000000  0.000000000000000  0.000000000000000  1.000000000000000
----------------------------------------

Keypoints Radius: 0.040000000000000
Descriptor Radius: 0.040000000000000
Inlier Threshold: 0.060000000000000
Middle distance: 0.000326571258483

Scene input Cloud: 41637
Object input Cloud: 5774
Scene keypoints: 1059
Object keypoints: 111
Scene Features: 1059
Object Features: 111
Correspondences: 49
Filtered Correspondences: 14
Transform matrix:
 0.831438183784485  0.554904520511627 -0.028134651482105 -0.227133736014366
-0.524627983570099  0.800732612609863  0.289124071598053  0.026284465566278
 0.182964578270912 -0.225628569722176  0.956878125667572  1.150517463684082
 0.000000000000000  0.000000000000000  0.000000000000000  1.000000000000000
----------------------------------------

Keypoints Radius: 0.040000000000000
Descriptor Radius: 0.040000000000000
Inlier Threshold: 0.080000000000000
Middle distance: 0.000326571258483

Scene input Cloud: 41637
Object input Cloud: 5774
Scene keypoints: 1059
Object keypoints: 111
Scene Features: 1059
Object Features: 111
Correspondences: 49
Filtered Correspondences: 16
Transform matrix:
 0.831438183784485  0.554904520511627 -0.028134651482105 -0.227133736014366
-0.524627983570099  0.800732612609863  0.289124071598053  0.026284465566278
 0.182964578270912 -0.225628569722176  0.956878125667572  1.150517463684082
 0.000000000000000  0.000000000000000  0.000000000000000  1.000000000000000
----------------------------------------

Keypoints Radius: 0.040000000000000
Descriptor Radius: 0.040000000000000
Inlier Threshold: 0.100000000000000
Middle distance: 0.000417070114054

Scene input Cloud: 41637
Object input Cloud: 5774
Scene keypoints: 1059
Object keypoints: 111
Scene Features: 1059
Object Features: 111
Correspondences: 49
Filtered Correspondences: 18
Transform matrix:
 0.264004319906235 -0.963732421398163 -0.039006415754557 -0.191573351621628
 0.109324701130390  0.070079952478409 -0.991532623767853  0.007130012847483
 0.958305716514587  0.257504522800446  0.123861171305180  1.103734612464905
 0.000000000000000  0.000000000000000  0.000000000000000  1.000000000000000
----------------------------------------

Keypoints Radius: 0.040000000000000
Descriptor Radius: 0.060000000000000
Inlier Threshold: 0.020000000000000
Middle distance: 0.000163607663126

Scene input Cloud: 41637
Object input Cloud: 5774
Scene keypoints: 1059
Object keypoints: 111
Scene Features: 1059
Object Features: 111
Correspondences: 48
Filtered Correspondences: 5
Transform matrix:
 0.861315190792084  0.441616624593735  0.251218885183334 -0.231930151581764
-0.449076324701309  0.430467575788498  0.782961130142212  0.025181327015162
 0.237627059221268 -0.787192761898041  0.569087803363800  1.138819217681885
 0.000000000000000  0.000000000000000  0.000000000000000  1.000000000000000
----------------------------------------

Keypoints Radius: 0.040000000000000
Descriptor Radius: 0.060000000000000
Inlier Threshold: 0.040000000000000
Middle distance: 0.000254618993495

Scene input Cloud: 41637
Object input Cloud: 5774
Scene keypoints: 1059
Object keypoints: 111
Scene Features: 1059
Object Features: 111
Correspondences: 48
Filtered Correspondences: 7
Transform matrix:
 0.855435192584991  0.517771124839783  0.011989125050604 -0.222629114985466
-0.238265559077263  0.372885435819626  0.896764159202576  0.014716987498105
 0.459848016500473 -0.769980192184448  0.442346364259720  1.151593089103699
 0.000000000000000  0.000000000000000  0.000000000000000  1.000000000000000
----------------------------------------

Keypoints Radius: 0.040000000000000
Descriptor Radius: 0.060000000000000
Inlier Threshold: 0.060000000000000
Middle distance: 0.000205720163649

Scene input Cloud: 41637
Object input Cloud: 5774
Scene keypoints: 1059
Object keypoints: 111
Scene Features: 1059
Object Features: 111
Correspondences: 48
Filtered Correspondences: 9
Transform matrix:
 0.536054849624634  0.832920670509338 -0.137434810400009 -0.202868312597275
-0.503258824348450  0.446014612913132  0.740136146545410  0.018625456839800
 0.677772641181946 -0.327588289976120  0.658262968063354  1.126433491706848
 0.000000000000000  0.000000000000000  0.000000000000000  1.000000000000000
----------------------------------------

Keypoints Radius: 0.040000000000000
Descriptor Radius: 0.060000000000000
Inlier Threshold: 0.080000000000000
Middle distance: 0.000371344474843

Scene input Cloud: 41637
Object input Cloud: 5774
Scene keypoints: 1059
Object keypoints: 111
Scene Features: 1059
Object Features: 111
Correspondences: 48
Filtered Correspondences: 10
Transform matrix:
 0.752270817756653  0.054430529475212  0.656601846218109 -0.264739215373993
-0.514526486396790  0.671003043651581  0.533870279788971  0.068227805197239
-0.411522984504700 -0.739454030990601  0.532781958580017  1.138763666152954
 0.000000000000000  0.000000000000000  0.000000000000000  1.000000000000000
----------------------------------------

Keypoints Radius: 0.040000000000000
Descriptor Radius: 0.060000000000000
Inlier Threshold: 0.100000000000000
Middle distance: 0.000413815927459

Scene input Cloud: 41637
Object input Cloud: 5774
Scene keypoints: 1059
Object keypoints: 111
Scene Features: 1059
Object Features: 111
Correspondences: 48
Filtered Correspondences: 12
Transform matrix:
 0.758420050144196  0.645943760871887 -0.086923718452454 -0.272646725177765
-0.321870058774948  0.487163424491882  0.811832189559937  0.061565473675728
 0.566743969917297 -0.587731659412384  0.577384412288666  1.140365839004517
 0.000000000000000  0.000000000000000  0.000000000000000  1.000000000000000
----------------------------------------

Keypoints Radius: 0.040000000000000
Descriptor Radius: 0.080000000000000
Inlier Threshold: 0.020000000000000
Middle distance: 0.000151964995894

Scene input Cloud: 41637
Object input Cloud: 5774
Scene keypoints: 1059
Object keypoints: 111
Scene Features: 1059
Object Features: 111
Correspondences: 44
Filtered Correspondences: 7
Transform matrix:
 0.607910692691803  0.763585984706879 -0.217671751976013 -0.212819173932076
-0.406790465116501  0.534949243068695  0.740507125854492  0.018860353156924
 0.681884229183197 -0.361615419387817  0.635820865631104  1.130557060241699
 0.000000000000000  0.000000000000000  0.000000000000000  1.000000000000000
----------------------------------------

Keypoints Radius: 0.040000000000000
Descriptor Radius: 0.080000000000000
Inlier Threshold: 0.040000000000000
Middle distance: 0.000151964995894

Scene input Cloud: 41637
Object input Cloud: 5774
Scene keypoints: 1059
Object keypoints: 111
Scene Features: 1059
Object Features: 111
Correspondences: 44
Filtered Correspondences: 12
Transform matrix:
 0.607910692691803  0.763585984706879 -0.217671751976013 -0.212819173932076
-0.406790465116501  0.534949243068695  0.740507125854492  0.018860353156924
 0.681884229183197 -0.361615419387817  0.635820865631104  1.130557060241699
 0.000000000000000  0.000000000000000  0.000000000000000  1.000000000000000
----------------------------------------

Keypoints Radius: 0.040000000000000
Descriptor Radius: 0.080000000000000
Inlier Threshold: 0.060000000000000
Middle distance: 0.000117450057587

Scene input Cloud: 41637
Object input Cloud: 5774
Scene keypoints: 1059
Object keypoints: 111
Scene Features: 1059
Object Features: 111
Correspondences: 44
Filtered Correspondences: 13
Transform matrix:
 0.927037060260773  0.367692947387695  0.073513321578503 -0.241982102394104
-0.279016554355621  0.545450627803802  0.790337502956390  0.025946799665689
 0.250503659248352 -0.753183603286743  0.608245313167572  1.135801434516907
 0.000000000000000  0.000000000000000  0.000000000000000  1.000000000000000
----------------------------------------

Keypoints Radius: 0.040000000000000
Descriptor Radius: 0.080000000000000
Inlier Threshold: 0.080000000000000
Middle distance: 0.000303010776406

Scene input Cloud: 41637
Object input Cloud: 5774
Scene keypoints: 1059
Object keypoints: 111
Scene Features: 1059
Object Features: 111
Correspondences: 44
Filtered Correspondences: 15
Transform matrix:
 0.999969184398651 -0.004109659697860 -0.006685761734843 -0.242198616266251
 0.007438318338245  0.767932295799255  0.640487849712372  0.009562288410962
 0.002502025337890 -0.640517830848694  0.767939209938049  1.155159115791321
 0.000000000000000  0.000000000000000  0.000000000000000  1.000000000000000
----------------------------------------

Keypoints Radius: 0.040000000000000
Descriptor Radius: 0.080000000000000
Inlier Threshold: 0.100000000000000
Middle distance: 0.000303010776406

Scene input Cloud: 41637
Object input Cloud: 5774
Scene keypoints: 1059
Object keypoints: 111
Scene Features: 1059
Object Features: 111
Correspondences: 44
Filtered Correspondences: 15
Transform matrix:
 0.999969184398651 -0.004109659697860 -0.006685761734843 -0.242198616266251
 0.007438318338245  0.767932295799255  0.640487849712372  0.009562288410962
 0.002502025337890 -0.640517830848694  0.767939209938049  1.155159115791321
 0.000000000000000  0.000000000000000  0.000000000000000  1.000000000000000
----------------------------------------

Keypoints Radius: 0.040000000000000
Descriptor Radius: 0.100000000000000
Inlier Threshold: 0.020000000000000
Middle distance: 0.000373244081857

Scene input Cloud: 41637
Object input Cloud: 5774
Scene keypoints: 1059
Object keypoints: 111
Scene Features: 1059
Object Features: 111
Correspondences: 37
Filtered Correspondences: 3
Transform matrix:
-0.741387546062469 -0.642713725566864 -0.193037658929825  0.115486674010754
 0.613800287246704 -0.533165693283081 -0.582222938537598  0.373277604579926
 0.271281659603119 -0.550139427185059  0.789780259132385  1.144272208213806
 0.000000000000000  0.000000000000000  0.000000000000000  1.000000000000000
----------------------------------------

Keypoints Radius: 0.040000000000000
Descriptor Radius: 0.100000000000000
Inlier Threshold: 0.040000000000000
Middle distance: 0.000190449674847

Scene input Cloud: 41637
Object input Cloud: 5774
Scene keypoints: 1059
Object keypoints: 111
Scene Features: 1059
Object Features: 111
Correspondences: 37
Filtered Correspondences: 6
Transform matrix:
 0.794419825077057  0.606071472167969  0.039680212736130 -0.214341700077057
-0.384103357791901  0.450713872909546  0.805804967880249  0.044907011091709
 0.470490962266922 -0.655388712882996  0.590850114822388  1.120127320289612
 0.000000000000000  0.000000000000000  0.000000000000000  1.000000000000000
----------------------------------------

Keypoints Radius: 0.040000000000000
Descriptor Radius: 0.100000000000000
Inlier Threshold: 0.060000000000000
Middle distance: 0.000190449674847

Scene input Cloud: 41637
Object input Cloud: 5774
Scene keypoints: 1059
Object keypoints: 111
Scene Features: 1059
Object Features: 111
Correspondences: 37
Filtered Correspondences: 7
Transform matrix:
 0.794419825077057  0.606071472167969  0.039680212736130 -0.214341700077057
-0.384103357791901  0.450713872909546  0.805804967880249  0.044907011091709
 0.470490962266922 -0.655388712882996  0.590850114822388  1.120127320289612
 0.000000000000000  0.000000000000000  0.000000000000000  1.000000000000000
----------------------------------------

Keypoints Radius: 0.040000000000000
Descriptor Radius: 0.100000000000000
Inlier Threshold: 0.080000000000000
Middle distance: 0.000190449674847

Scene input Cloud: 41637
Object input Cloud: 5774
Scene keypoints: 1059
Object keypoints: 111
Scene Features: 1059
Object Features: 111
Correspondences: 37
Filtered Correspondences: 7
Transform matrix:
 0.794419825077057  0.606071472167969  0.039680212736130 -0.214341700077057
-0.384103357791901  0.450713872909546  0.805804967880249  0.044907011091709
 0.470490962266922 -0.655388712882996  0.590850114822388  1.120127320289612
 0.000000000000000  0.000000000000000  0.000000000000000  1.000000000000000
----------------------------------------

Keypoints Radius: 0.040000000000000
Descriptor Radius: 0.100000000000000
Inlier Threshold: 0.100000000000000
Middle distance: 0.000190449674847

Scene input Cloud: 41637
Object input Cloud: 5774
Scene keypoints: 1059
Object keypoints: 111
Scene Features: 1059
Object Features: 111
Correspondences: 37
Filtered Correspondences: 7
Transform matrix:
 0.794419825077057  0.606071472167969  0.039680212736130 -0.214341700077057
-0.384103357791901  0.450713872909546  0.805804967880249  0.044907011091709
 0.470490962266922 -0.655388712882996  0.590850114822388  1.120127320289612
 0.000000000000000  0.000000000000000  0.000000000000000  1.000000000000000
----------------------------------------

Keypoints Radius: 0.060000000000000
Descriptor Radius: 0.020000000000000
Inlier Threshold: 0.020000000000000
Middle distance: 0.000018442937289

Scene input Cloud: 41637
Object input Cloud: 5774
Scene keypoints: 1059
Object keypoints: 111
Scene Features: 1059
Object Features: 111
Correspondences: 56
Filtered Correspondences: 15
Transform matrix:
 0.846781075000763  0.529890656471252 -0.046665847301483 -0.228875845670700
-0.308033376932144  0.559980154037476  0.769114851951599  0.022539621219039
 0.433678686618805 -0.636897265911102  0.637404620647430  1.128600001335144
 0.000000000000000  0.000000000000000  0.000000000000000  1.000000000000000
----------------------------------------

Keypoints Radius: 0.060000000000000
Descriptor Radius: 0.020000000000000
Inlier Threshold: 0.040000000000000
Middle distance: 0.000141441181768

Scene input Cloud: 41637
Object input Cloud: 5774
Scene keypoints: 1059
Object keypoints: 111
Scene Features: 1059
Object Features: 111
Correspondences: 56
Filtered Correspondences: 17
Transform matrix:
 0.828606009483337  0.506870388984680 -0.237685814499855 -0.210716962814331
-0.205401226878166  0.670210540294647  0.713181734085083  0.021800164133310
 0.520790219306946 -0.542125701904297  0.659452259540558  1.133857011795044
 0.000000000000000  0.000000000000000  0.000000000000000  1.000000000000000
----------------------------------------

Keypoints Radius: 0.060000000000000
Descriptor Radius: 0.020000000000000
Inlier Threshold: 0.060000000000000
Middle distance: 0.000170487619471

Scene input Cloud: 41637
Object input Cloud: 5774
Scene keypoints: 1059
Object keypoints: 111
Scene Features: 1059
Object Features: 111
Correspondences: 56
Filtered Correspondences: 18
Transform matrix:
 0.838921010494232  0.486346453428268 -0.244292154908180 -0.207758128643036
-0.098705656826496  0.577372729778290  0.810492396354675  0.017555084079504
 0.535227715969086 -0.655826091766357  0.532375276088715  1.135618329048157
 0.000000000000000  0.000000000000000  0.000000000000000  1.000000000000000
----------------------------------------

Keypoints Radius: 0.060000000000000
Descriptor Radius: 0.020000000000000
Inlier Threshold: 0.080000000000000
Middle distance: 0.000170487619471

Scene input Cloud: 41637
Object input Cloud: 5774
Scene keypoints: 1059
Object keypoints: 111
Scene Features: 1059
Object Features: 111
Correspondences: 56
Filtered Correspondences: 19
Transform matrix:
 0.838921010494232  0.486346453428268 -0.244292154908180 -0.207758128643036
-0.098705656826496  0.577372729778290  0.810492396354675  0.017555084079504
 0.535227715969086 -0.655826091766357  0.532375276088715  1.135618329048157
 0.000000000000000  0.000000000000000  0.000000000000000  1.000000000000000
----------------------------------------

Keypoints Radius: 0.060000000000000
Descriptor Radius: 0.020000000000000
Inlier Threshold: 0.100000000000000
Middle distance: 0.000380864687031

Scene input Cloud: 41637
Object input Cloud: 5774
Scene keypoints: 1059
Object keypoints: 111
Scene Features: 1059
Object Features: 111
Correspondences: 56
Filtered Correspondences: 21
Transform matrix:
 0.971126258373260  0.044632509350777 -0.234353959560394 -0.221386611461639
-0.197094157338142  0.703586220741272 -0.682730019092560  0.054966676980257
 0.134416267275810  0.709206879138947  0.692067861557007  1.162437677383423
 0.000000000000000  0.000000000000000  0.000000000000000  1.000000000000000
----------------------------------------

Keypoints Radius: 0.060000000000000
Descriptor Radius: 0.040000000000000
Inlier Threshold: 0.020000000000000
Middle distance: 0.000018442937289

Scene input Cloud: 41637
Object input Cloud: 5774
Scene keypoints: 1059
Object keypoints: 111
Scene Features: 1059
Object Features: 111
Correspondences: 49
Filtered Correspondences: 12
Transform matrix:
 0.846781075000763  0.529890656471252 -0.046665851026773 -0.228875845670700
-0.308033406734467  0.559980154037476  0.769114851951599  0.022539621219039
 0.433678716421127 -0.636897265911102  0.637404620647430  1.128600001335144
 0.000000000000000  0.000000000000000  0.000000000000000  1.000000000000000
----------------------------------------

Keypoints Radius: 0.060000000000000
Descriptor Radius: 0.040000000000000
Inlier Threshold: 0.040000000000000
Middle distance: 0.000018442937289

Scene input Cloud: 41637
Object input Cloud: 5774
Scene keypoints: 1059
Object keypoints: 111
Scene Features: 1059
Object Features: 111
Correspondences: 49
Filtered Correspondences: 12
Transform matrix:
 0.846781075000763  0.529890656471252 -0.046665851026773 -0.228875845670700
-0.308033406734467  0.559980154037476  0.769114851951599  0.022539621219039
 0.433678716421127 -0.636897265911102  0.637404620647430  1.128600001335144
 0.000000000000000  0.000000000000000  0.000000000000000  1.000000000000000
----------------------------------------

Keypoints Radius: 0.060000000000000
Descriptor Radius: 0.040000000000000
Inlier Threshold: 0.060000000000000
Middle distance: 0.000326571258483

Scene input Cloud: 41637
Object input Cloud: 5774
Scene keypoints: 1059
Object keypoints: 111
Scene Features: 1059
Object Features: 111
Correspondences: 49
Filtered Correspondences: 14
Transform matrix:
 0.831438183784485  0.554904520511627 -0.028134651482105 -0.227133736014366
